1
2
13
17
19
21
31
43
46
49
49
57
62
63
66
68
72
86
89
101
105
116
122
125
125
129
131
149
160
162
164
169
170
173
182
190
196
197
199
199
207
215
231
232
245
250
251
260
262
273
277
277
280
300
312
314
321
322
346
346
351
354
356
357
359
362
374
375
376
382
383
383
393
398
400
407
408
410
414
421
422
426
434
435
442
447
449
450
457
457
460
465
466
468
470
480
482
487
487
492
496
500
507
508
522
531
549
569
570
572
578
579
581
582
597
599
602
606
610
619
619
636
643
644
648
653
660
682
685
699
704
707
717
728
732
740
748
753
756
765
767
782
785
786
787
790
793
793
794
804
814
822
822
830
842
849
851
852
854
858
867
870
890
893
906
912
922
924
925
947
949
954
955
963
963
964
966
967
982
990
992
1000
1005
1008
1016
1023
1033
1039
1043
1056
1058
1059
1064
1076
1077
1081
1090
1092
1104
1121
1125
1127
1131
1147
1148
1162
1182
1183
1184
1197
1203
1208
1211
1231
1234
1238
1242
1260
1263
1273
1275
1277
1280
1281
1281
1285
1295
1308
1317
1320
1336
1347
1354
1360
1364
1371
1381
1396
1421
1427
1431
1434
1436
1457
1465
1470
1471
1490
1495
1496
1505
1510
1511
1512
1514
1526
1528
1530
1532
1533
1539
1547
1560
1561
1563
1566
1571
1578
1580
1593
1605
1608
1614
1624
1635
1636
1636
1638
1639
1651
1656
1680
1688
1704
1705
1708
1710
1716
1716
1719
1723
1735
1738
1741
1747
1750
1751
1752
1755
1757
1765
1792
1798
1800
1807
1809
1811
1831
1836
1848
1854
1869
1872
1877
1889
1890
1907
1911
1925
1927
1930
1939
1942
1955
1957
1958
1961
1973
1973
1976
2017
2040
2044
2049
2049
2061
2066
2069
2085
2091
2093
2103
2107
2127
2138
2155
2162
2163
2164
2180
2186
2190
2193
2201
2203
2203
2208
2208
2215
2222
2229
2233
2258
2266
2280
2285
2286
2287
2288
2302
2303
2312
2312
2323
2323
2332
2335
2335
2340
2350
2353
2356
2363
2398
2400
2417
2426
2431
2434
2444
2448
2456
2457
2468
2474
2478
2480
2485
2505
2512
2513
2532
2541
2549
2554
2576
2578
2579
2585
2587
2600
2623
2623
2641
2642
2649
2664
2668
2674
2676
2680
2700
2707
2707
2715
2716
2734
2735
2749
2755
2759
2766
2775
2784
2792
2797
2799
2804
2820
2820
2828
2828
2830
2832
2838
2855
2858
2862
2864
2868
2874
2876
2877
2878
2882
2889
2893
2893
2897
2898
2902
2902
2904
2905
2908
2910
2914
2920
2921
2934
2942
2953
2954
2955
2958
2972
3000
3024
3027
3039
3041
3050
3056
3062
3062
3065
3067
3081
3090
3093
3099
3115
3126
3128
3146
3149
3156
3156
3172
3173
3194
3202
3206
3208
3208
3213
3214
3223
3229
3230
3238
3244
3250
3250
3251
3253
3253
3274
3279
3285
3304
3316
3320
3327
3345
3346
3351
3358
3362
3367
3374
3375
3380
3382
3386
3387
3393
3395
3410
3424
3425
3432
3438
3439
3446
3458
3464
3466
3466
3468
3487
3491
3502
3504
3511
3528
3538
3541
3559
3569
3577
3579
3606
3611
3619
3632
3633
3636
3639
3657
3659
3661
3664
3665
3672
3685
3686
3699
3701
3721
3747
3765
3768
3781
3782
3787
3790
3799
3803
3805
3807
3809
3809
3816
3831
3835
3838
3846
3850
3862
3863
3870
3875
3882
3886
3893
3929
3933
3940
3956
3965
3971
3975
3978
3982
3985
3995
3999
4002
4006
4011
4017
4019
4025
4060
4064
4069
4072
4088
4088
4092
4107
4108
4111
4121
4138
4141
4155
4162
4166
4167
4169
4174
4183
4185
4193
4197
4205
4206
4213
4215
4216
4216
4218
4225
4239
4240
4241
4266
4274
4274
4277
4285
4287
4296
4310
4311
4311
4314
4316
4316
4330
4333
4348
4354
4362
4365
4367
4372
4374
4376
4389
4392
4402
4414
4427
4429
4434
4439
4448
4449
4450
4458
4459
4460
4462
4463
4472
4481
4485
4494
4514
4517
4517
4529
4531
4532
4532
4536
4549
4568
4581
4614
4614
4614
4626
4629
4631
4636
4639
4642
4646
4660
4676
4682
4683
4699
4722
4726
4735
4735
4740
4745
4746
4754
4754
4763
4772
4779
4782
4787
4789
4800
4803
4809
4812
4817
4827
4831
4844
4846
4851
4883
4905
4906
4920
4934
4940
4955
4962
4973
4988
4995
4996
5002
5004
5007
5020
5024
5027
5045
5049
5055
5063
5088
5117
5119
5120
5123
5130
5135
5135
5141
5148
5155
5158
5169
5169
5181
5181
5192
5199
5202
5204
5219
5220
5229
5236
5237
5240
5241
5244
5246
5267
5273
5285
5288
5288
5292
5294
5303
5305
5308
5310
5316
5319
5319
5345
5347
5349
5352
5356
5363
5366
5374
5374
5375
5385
5386
5397
5404
5407
5416
5419
5442
5444
5465
5474
5482
5482
5483
5493
5494
5496
5513
5516
5533
5533
5543
5557
5563
5600
5602
5616
5619
5621
5623
5623
5624
5629
5659
5665
5673
5677
5684
5725
5727
5729
5733
5742
5752
5753
5756
5765
5766
5779
5784
5796
5801
5805
5818
5832
5835
5837
5856
5873
5876
5886
5888
5912
5912
5919
5919
5921
5922
5931
5936
5948
5952
5956
5960
5962
5968
5978
5982
5986
5993
5996
5996
6005
6007
6030
6040
6043
6045
6045
6078
6080
6086
6086
6092
6097
6107
6107
6114
6118
6125
6129
6134
6135
6135
6140
6144
6149
6171
6176
6178
6185
6200
6215
6229
6232
6235
6242
6242
6249
6253
6258
6263
6276
6279
6305
6315
6320
6338
6340
6341
6342
6345
6368
6369
6377
6379
6385
6386
6406
6414
6420
6424
6425
6433
6447
6452
6474
6482
6483
6484
6494
6498
6505
6508
6511
6516
6518
6521
6527
6549
6550
6553
6554
6556
6561
6563
6564
6565
6577
6585
6587
6596
6599
6611
6619
6620
6621
6623
6653
6655
6656
6661
6664
6675
6678
6682
6690
6694
6697
6710
6719
6726
6727
6729
6732
6734
6746
6746
6751
6752
6755
6769
6774
6778
6780
6784
6786
6799
6803
6804
6810
6812
6814
6815
6818
6820
6827
6846
6848
6849
6850
6857
6875
6879
6879
6880
6902
6908
6909
6909
6913
6914
6917
6922
6922
6924
6930
6946
6954
6963
6965
6974
6979
6979
6981
6988
7010
7012
7022
7025
7031
7039
7041
7080
7080
7081
7093
7094
7120
7121
7158
7160
7161
7168
7174
7181
7182
7190
7197
7204
7207
7239
7240
7259
7267
7270
7274
7284
7285
7290
7294
7311
7318
7322
7322
7335
7339
7340
7341
7346
7348
7348
7361
7361
7373
7384
7390
7390
7399
7410
7423
7426
7446
7453
7455
7458
7463
7464
7466
7488
7489
7491
7512
7516
7530
7555
7565
7580
7581
7583
7595
7598
7615
7616
7618
7641
7644
7648
7654
7655
7656
7664
7667
7669
7678
7682
7692
7694
7694
7709
7710
7714
7717
7720
7724
7736
7737
7738
7740
7740
7745
7751
7758
7759
7763
7771
7778
7803
7808
7821
7822
7824
7826
7828
7829
7831
7841
7842
7851
7865
7881
7882
7893
7901
7906
7907
7909
7920
7935
7935
7941
7947
7948
7950
7950
7956
7960
7986
8008
8023
8025
8029
8041
8046
8058
8066
8082
8103
8111
8114
8123
8125
8133
8137
8141
8147
8148
8150
8155
8173
8174
8178
8186
8196
8200
8207
8220
8223
8224
8241
8245
8254
8257
8259
8260
8267
8269
8273
8277
8277
8285
8302
8305
8308
8311
8311
8326
8339
8352
8354
8358
8366
8366
8367
8368
8376
8379
8387
8387
8388
8402
8404
8408
8420
8422
8441
8444
8448
8469
8480
8483
8489
8492
8494
8504
8508
8508
8515
8518
8524
8525
8536
8536
8541
8545
8554
8572
8573
8587
8587
8615
8620
8623
8625
8630
8638
8646
8653
8661
8667
8672
8674
8681
8692
8695
8699
8700
8700
8701
8705
8712
8717
8733
8736
8744
8746
8751
8775
8779
8780
8791
8794
8799
8801
8806
8810
8819
8823
8829
8829
8835
8846
8846
8855
8863
8877
8885
8886
8888
8896
8896
8897
8898
8905
8906
8907
8907
8919
8924
8940
8945
8946
8953
8971
8979
8979
8979
8983
8984
8985
8997
9000
9017
9020
9027
9056
9064
9065
9073
9078
9102
9113
9118
9129
9131
9143
9154
9166
9167
9171
9175
9183
9189
9191
9195
9202
9221
9233
9238
9248
9250
9268
9269
9272
9273
9281
9283
9287
9288
9300
9300
9302
9304
9306
9309
9316
9325
9327
9328
9332
9345
9352
9352
9359
9377
9379
9390
9404
9407
9414
9419
9422
9424
9427
9438
9452
9462
9474
9478
9489
9489
9496
9504
9508
9523
9526
9540
9540
9543
9550
9554
9560
9564
9571
9575
9575
9575
9576
9588
9589
9601
9618
9622
9626
9646
9652
9656
9662
9680
9692
9695
9712
9714
9717
9719
9726
9726
9737
9760
9769
9796
9796
9801
9803
9828
9839
9841
9851
9852
9853
9856
9858
9862
9863
9875
9879
9883
9887
9890
9892
9895
9902
9912
9915
9922
9922
9923
9925
9952
9954
9959
9970
9977
9979
9982
9988
9993
9998
9998
10000
10002
10003
10026
10032
10033
10035
10038
10040
10052
10062
10068
10077
10085
10093
10094
10112
10120
10122
10142
10146
10146
10148
10150
10159
10162
10164
10166
10168
10188
10189
10210
10218
10222
10224
10242
10243
10249
10263
10267
10268
10288
10293
10301
10305
10318
10329
10350
10358
10370
10375
10377
10383
10396
10407
10418
10433
10433
10443
10445
10445
10445
10448
10456
10465
10466
10475
10478
10506
10511
10529
10531
10533
10535
10536
10543
10551
10552
10557
10567
10569
10571
10584
10591
10608
10609
10610
10614
10616
10619
10620
10634
10636
10650
10651
10652
10657
10662
10664
10670
10677
10679
10679
10683
10693
10695
10703
10708
10711
10736
10740
10746
10748
10757
10759
10795
10798
10804
10806
10827
10829
10834
10835
10838
10851
10865
10868
10873
10874
10889
10908
10912
10918
10968
10995
10997
10997
10998
10999
11005
11007
11008
11015
11028
11033
11038
11040
11044
11047
11067
11070
11073
11085
11102
11110
11125
11127
11142
11158
11160
11162
11162
11165
11177
11183
11192
11196
11196
11208
11229
11231
11234
11238
11246
11257
11271
11297
11308
11314
11318
11321
11322
11322
11324
11324
11326
11331
11336
11337
11345
11348
11348
11351
11363
11368
11377
11386
11389
11412
11416
11426
11427
11436
11437
11438
11439
11441
11448
11477
11485
11486
11487
11489
11493
11497
11507
11517
11521
11525
11526
11533
11542
11546
11558
11559
11563
11566
11596
11597
11599
11603
11610
11615
11629
11636
11638
11645
11649
11661
11665
11665
11671
11677
11687
11704
11706
11706
11709
11712
11720
11721
11725
11734
11739
11740
11749
11776
11776
11776
11776
11781
11788
11823
11829
11839
11846
11846
11855
11863
11868
11878
11881
11893
11894
11897
11918
11921
11957
11963
11974
11975
11977
11988
11989
11995
12000
12001
12024
12029
12035
12036
12037
12050
12053
12055
12063
12064
12068
12071
12082
12091
12095
12095
12107
12107
12115
12118
12132
12143
12149
12151
12162
12164
12165
12166
12172
12173
12180
12197
12206
12215
12217
12223
12236
12237
12238
12238
12240
12240
12244
12258
12261
12276
12282
12295
12296
12300
12303
12304
12306
12312
12318
12332
12334
12339
12341
12348
12348
12357
12360
12364
12370
12384
12390
12396
12413
12416
12418
12424
12444
12447
12459
12466
12475
12478
12482
12491
12493
12501
12503
12510
12524
12528
12536
12557
12557
12558
12567
12569
12587
12591
12591
12592
12596
12637
12644
12646
12660
12660
12665
12681
12703
12711
12723
12730
12730
12734
12740
12749
12758
12760
12765
12767
12768
12778
12785
12786
12787
12788
12791
12815
12817
12822
12857
12865
12873
12873
12887
12892
12897
12904
12909
12920
12922
12925
12937
12978
12989
12995
12997
13000
13005
13007
13015
13022
13024
13044
13058
13059
13061
13064
13077
13083
13096
13105
13114
13131
13135
13162
13175
13186
13188
13201
13207
13208
13213
13216
13222
13250
13258
13258
13260
13261
13267
13269
13275
13283
13290
13290
13291
13293
13313
13318
13333
13336
13336
13348
13372
13386
13404
13418
13419
13420
13421
13422
13425
13429
13436
13451
13461
13462
13464
13465
13465
13470
13476
13484
13485
13488
13491
13496
13523
13523
13530
13531
13555
13564
13564
13568
13574
13579
13585
13590
13608
13613
13617
13624
13626
13626
13644
13645
13647
13647
13648
13648
13664
13667
13670
13676
13679
13680
13686
13687
13695
13699
13703
13706
13707
13715
13721
13726
13726
13727
13745
13767
13770
13778
13781
13783
13788
13794
13798
13802
13802
13807
13812
13812
13813
13820
13821
13821
13833
13837
13840
13851
13855
13856
13860
13870
13887
13888
13889
13902
13909
13912
13913
13922
13924
13926
13927
13941
13942
13949
13968
13968
13969
13977
13983
13984
13992
14006
14013
14025
14025
14025
14031
14039
14039
14043
14044
14059
14073
14079
14081
14081
14093
14107
14120
14126
14127
14141
14154
14155
14157
14158
14163
14167
14167
14170
14179
14180
14183
14189
14201
14203
14210
14213
14213
14214
14215
14229
14230
14235
14243
14249
14251
14257
14257
14262
14267
14274
14275
14277
14286
14289
14296
14303
14306
14310
14316
14318
14324
14339
14345
14358
14359
14365
14376
14378
14384
14387
14393
14395
14396
14400
14401
14407
14417
14422
14450
14454
14460
14462
14480
14483
14492
14494
14498
14501
14501
14503
14536
14545
14552
14558
14563
14563
14569
14590
14590
14592
14596
14596
14598
14606
14609
14612
14612
14613
14613
14617
14619
14619
14622
14654
14661
14669
14678
14691
14694
14697
14701
14701
14707
14717
14719
14725
14742
14743
14748
14752
14761
14783
14792
14795
14796
14802
14811
14819
14826
14830
14839
14854
14858
14859
14861
14863
14877
14880
14885
14885
14886
14890
14891
14902
14907
14921
14922
14924
14943
14950
14952
14955
14959
14962
14963
14969
14973
14975
14978
14978
14987
15002
15002
15016
15029
15030
15035
15044
15044
15065
15069
15076
15078
15084
15088
15090
15107
15109
15110
15132
15132
15134
15141
15156
15185
15185
15188
15194
15196
15196
15201
15202
15204
15205
15217
15225
15239
15251
15253
15256
15257
15264
15273
15276
15296
15303
15303
15307
15315
15324
15325
15332
15344
15346
15366
15367
15367
15373
15376
15397
15418
15425
15431
15431
15432
15436
15444
15452
15457
15464
15481
15507
15508
15517
15525
15526
15540
15551
15561
15563
15569
15579
15601
15603
15604
15658
15667
15672
15681
15684
15690
15711
15711
15719
15720
15721
15728
15729
15744
15749
15768
15774
15775
15776
15788
15789
15793
15793
15808
15811
15811
15812
15815
15830
15832
15837
15837
15849
15853
15854
15859
15860
15870
15884
15886
15895
15899
15910
15924
15926
15933
15934
15934
15938
15952
15954
15959
15963
15965
15970
15973
15976
15979
15982
15991
15996
16001
16001
16005
16011
16011
16024
16033
16052
16073
16079
16086
16091
16096
16108
16115
16121
16138
16161
16165
16166
16168
16168
16171
16203
16205
16206
16214
16219
16221
16226
16229
16236
16249
16251
16262
16267
16280
16281
16281
16294
16296
16303
16303
16304
16312
16322
16324
16328
16333
16336
16341
16344
16350
16351
16364
16365
16366
16368
16369
16386
16397
16397
16434
16434
16443
16457
16461
16470
16472
16476
16478
16482
16484
16493
16494
16494
16503
16507
16508
16509
16510
16510
16511
16516
16527
16537
16537
16544
16557
16569
16574
16583
16586
16596
16597
16598
16600
16607
16611
16615
16627
16641
16643
16657
16665
16668
16676
16681
16682
16686
16691
16693
16706
16716
16720
16725
16740
16744
16745
16749
16752
16752
16759
16762
16765
16769
16775
16776
16776
16791
16794
16800
16805
16813
16817
16820
16826
16836
16841
16841
16860
16863
16867
16875
16888
16891
16899
16906
16916
16934
16945
16951
16954
16958
16958
16960
16983
16990
17002
17006
17009
17033
17035
17044
17056
17064
17071
17096
17098
17118
17120
17121
17127
17129
17133
17135
17136
17140
17142
17142
17149
17154
17158
17165
17177
17192
17193
17201
17206
17224
17230
17231
17237
17239
17258
17268
17270
17271
17276
17279
17281
17281
17289
17298
17301
17301
17308
17310
17310
17312
17332
17341
17344
17350
17380
17390
17399
17406
17419
17421
17424
17426
17430
17443
17446
17450
17451
17452
17463
17469
17479
17485
17487
17490
17504
17507
17515
17518
17523
17526
17530
17533
17538
17541
17543
17546
17556
17557
17558
17568
17585
17589
17599
17607
17608
17610
17611
17629
17630
17643
17650
17654
17668
17672
17683
17696
17701
17705
17707
17707
17710
17726
17741
17742
17742
17761
17763
17767
17768
17769
17773
17777
17778
17778
17785
17791
17792
17793
17793
17795
17804
17805
17808
17819
17821
17827
17832
17847
17848
17849
17858
17865
17866
17867
17872
17875
17876
17878
17884
17893
17907
17910
17918
17927
17929
17956
17998
18032
18043
18043
18061
18065
18068
18071
18071
18075
18082
18088
18089
18090
18094
18096
18110
18130
18142
18151
18152
18152
18165
18170
18183
18184
18202
18209
18216
18219
18220
18222
18226
18229
18242
18260
18262
18265
18265
18268
18284
18287
18289
18296
18297
18307
18307
18310
18320
18323
18324
18327
18330
18333
18337
18337
18340
18343
18352
18368
18372
18373
18379
18385
18387
18392
18394
18395
18397
18399
18410
18412
18415
18420
18420
18426
18431
18434
18437
18439
18444
18453
18454
18454
18460
18469
18476
18484
18484
18490
18492
18493
18493
18493
18494
18495
18499
18511
18513
18521
18529
18529
18541
18542
18545
18549
18552
18559
18562
18564
18567
18567
18572
18575
18575
18579
18587
18593
18602
18660
18666
18666
18670
18674
18685
18688
18691
18702
18706
18715
18740
18741
18750
18756
18760
18760
18762
18767
18772
18775
18775
18776
18776
18778
18789
18800
18802
18805
18820
18822
18823
18825
18827
18844
18859
18860
18861
18866
18871
18880
18881
18882
18886
18919
18924
18926
18930
18947
18949
18953
18954
18972
18975
18982
18996
19000
19001
19002
19012
19020
19022
19053
19065
19077
19077
19083
19088
19092
19093
19093
19098
19099
19102
19104
19106
19118
19148
19150
19156
19157
19157
19163
19168
19171
19172
19184
19188
19193
19195
19201
19203
19207
19212
19216
19221
19224
19225
19227
19242
19254
19258
19258
19260
19261
19261
19267
19269
19288
19304
19315
19320
19323
19337
19344
19346
19350
19357
19364
19382
19393
19397
19398
19402
19404
19405
19410
19412
19412
19421
19422
19423
19427
19431
19431
19437
19438
19445
19460
19462
19466
19471
19474
19481
19482
19486
19502
19507
19508
19510
19542
19542
19544
19546
19549
19552
19555
19556
19557
19602
19617
19628
19633
19639
19652
19675
19676
19682
19686
19697
19704
19708
19710
19711
19728
19730
19737
19743
19743
19748
19753
19756
19769
19796
19798
19811
19820
19822
19823
19829
19837
19839
19840
19847
19853
19855
19856
19860
19861
19875
19878
19881
19888
19890
19896
19902
19911
19918
19924
19924
19930
19938
19942
19945
19954
19955
19958
19974
19976
19979
19981
19982
19996
20002
20004
20004
20006
20012
20019
20026
20028
20044
20050
20061
20072
20076
20081
20104
20105
20110
20111
20116
20125
20126
20155
20155
20173
20186
20196
20206
20210
20232
20242
20248
20251
20254
20254
20255
20260
20261
20263
20263
20274
20290
20292
20307
20310
20314
20323
20337
20339
20340
20345
20352
20363
20365
20366
20375
20378
20378
20386
20389
20395
20397
20407
20407
20408
20413
20415
20416
20422
20433
20435
20443
20447
20450
20456
20462
20462
20491
20519
20526
20527
20531
20531
20535
20538
20539
20540
20552
20560
20571
20574
20581
20582
20584
20590
20591
20597
20604
20613
20618
20628
20635
20651
20653
20664
20667
20673
20678
20681
20695
20699
20703
20705
20708
20709
20731
20738
20780
20784
20789
20791
20793
20795
20800
20837
20839
20853
20853
20865
20866
20872
20886
20895
20911
20913
20919
20921
20921
20922
20932
20936
20939
20940
20948
20952
20953
20954
20958
20962
20966
20998
21004
21008
21008
21012
21014
21016
21016
21021
21029
21032
21034
21036
21037
21047
21060
21063
21069
21071
21074
21085
21087
21103
21108
21117
21128
21134
21145
21147
21149
21150
21154
21157
21181
21183
21196
21207
21212
21216
21227
21236
21236
21260
21278
21281
21282
21287
21297
21299
21299
21305
21311
21318
21323
21323
21324
21327
21329
21331
21338
21358
21361
21366
21382
21382
21385
21385
21395
21398
21399
21409
21424
21426
21439
21439
21441
21449
21462
21463
21464
21466
21489
21493
21495
21505
21506
21511
21517
21529
21534
21536
21538
21549
21558
21576
21580
21581
21593
21596
21602
21610
21613
21617
21630
21640
21645
21645
21647
21661
21665
21677
21688
21689
21691
21693
21698
21705
21714
21716
21723
21725
21726
21735
21745
21751
21763
21765
21767
21776
21779
21781
21785
21791
21791
21815
21818
21825
21826
21830
21832
21840
21841
21847
21862
21864
21867
21868
21869
21871
21883
21892
21904
21909
21933
21969
21981
21987
21993
22003
22009
22019
22020
22024
22045
22047
22062
22062
22068
22089
22091
22093
22095
22095
22097
22104
22106
22110
22116
22123
22125
22127
22130
22142
22148
22153
22154
22156
22156
22159
22163
22168
22168
22170
22173
22183
22187
22187
22195
22198
22210
22210
22218
22229
22236
22239
22244
22244
22245
22255
22262
22265
22277
22280
22285
22288
22293
22300
22301
22311
22313
22314
22322
22330
22336
22338
22342
22347
22350
22355
22368
22378
22394
22427
22430
22434
22436
22448
22451
22465
22480
22481
22492
22493
22496
22498
22500
22516
22524
22525
22534
22540
22541
22548
22557
22559
22567
22571
22571
22572
22575
22576
22579
22580
22582
22594
22598
22600
22601
22601
22609
22614
22629
22637
22649
22653
22655
22661
22662
22666
22673
22685
22686
22687
22706
22708
22733
22740
22741
22743
22745
22749
22750
22754
22755
22756
22762
22767
22772
22778
22788
22795
22796
22797
22799
22806
22806
22808
22815
22818
22825
22829
22838
22851
22869
22872
22873
22875
22879
22889
22897
22897
22898
22905
22923
22929
22935
22946
22946
22949
22953
22954
22958
22960
22964
22975
22980
22992
23000
23006
23008
23016
23026
23037
23050
23060
23068
23082
23084
23085
23102
23136
23137
23149
23155
23159
23168
23171
23173
23175
23177
23179
23186
23186
23190
23193
23194
23195
23201
23215
23218
23224
23225
23227
23232
23233
23240
23245
23246
23246
23253
23261
23270
23270
23272
23273
23276
23281
23288
23301
23303
23314
23324
23327
23337
23340
23359
23367
23371
23392
23398
23402
23403
23412
23418
23428
23433
23434
23437
23449
23455
23455
23459
23464
23487
23496
23499
23505
23509
23515
23523
23544
23551
23556
23560
23561
23568
23568
23569
23583
23588
23597
23604
23608
23615
23619
23624
23628
23628
23642
23642
23644
23646
23653
23655
23655
23661
23663
23668
23669
23675
23676
23691
23699
23700
23701
23704
23713
23713
23745
23755
23757
23771
23776
23788
23790
23800
23805
23827
23833
23834
23848
23851
23857
23858
23867
23873
23875
23886
23886
23887
23900
23902
23905
23915
23919
23941
23941
23955
23958
23960
23997
24005
24013
24015
24021
24023
24023
24025
24030
24060
24063
24081
24089
24094
24097
24104
24111
24119
24125
24130
24130
24131
24138
24143
24148
24155
24158
24159
24164
24170
24172
24174
24184
24188
24201
24204
24207
24212
24213
24216
24217
24223
24236
24239
24246
24250
24265
24284
24288
24294
24301
24303
24303
24315
24316
24323
24325
24327
24331
24332
24352
24352
24355
24361
24364
24364
24386
24393
24395
24405
24409
24417
24426
24427
24435
24437
24438
24456
24458
24467
24477
24493
24494
24502
24504
24507
24511
24517
24529
24532
24535
24540
24544
24561
24570
24575
24590
24598
24603
24604
24610
24618
24618
24621
24630
24632
24638
24643
24647
24660
24681
24683
24687
24691
24691
24707
24716
24731
24742
24761
24765
24768
24780
24788
24795
24796
24805
24813
24818
24818
24837
24846
24866
24881
24889
24897
24903
24904
24910
24918
24933
24949
24957
24965
24970
24980
24985
24988
24991
24993
24998
24999
25002
25002
25008
25012
25015
25015
25016
25020
25022
25024
25035
25036
25038
25045
25051
25055
25070
25083
25091
25100
25113
25114
25114
25119
25125
25143
25145
25147
25147
25153
25159
25163
25196
25198
25200
25203
25223
25226
25273
25277
25287
25291
25301
25304
25308
25316
25318
25332
25341
25346
25350
25365
25371
25380
25381
25382
25397
25400
25404
25407
25412
25422
25427
25429
25435
25440
25452
25459
25478
25481
25483
25484
25486
25490
25492
25495
25508
25538
25542
25544
25545
25552
25553
25570
25572
25591
25604
25618
25619
25619
25621
25624
25642
25650
25662
25663
25674
25681
25685
25702
25719
25720
25728
25733
25739
25750
25751
25758
25764
25782
25799
25802
25806
25811
25817
25818
25824
25826
25830
25831
25832
25832
25833
25842
25854
25858
25871
25872
25873
25883
25887
25897
25904
25906
25909
25953
25956
25971
25972
25980
25987
25993
25997
26001
26008
26013
26017
26022
26024
26031
26034
26035
26049
26054
26058
26061
26064
26073
26079
26082
26087
26088
26099
26100
26116
26117
26119
26123
26131
26136
26136
26146
26147
26156
26175
26187
26187
26191
26203
26213
26215
26221
26226
26231
26234
26237
26247
26261
26274
26276
26284
26287
26288
26292
26297
26301
26304
26306
26310
26318
26323
26325
26333
26333
26339
26351
26353
26354
26373
26374
26379
26384
26399
26411
26411
26414
26414
26417
26417
26425
26428
26447
26456
26458
26463
26466
26469
26473
26476
26483
26487
26501
26506
26508
26509
26528
26532
26543
26561
26580
26582
26585
26604
26608
26609
26651
26653
26661
26662
26671
26679
26682
26683
26686
26690
26709
26716
26717
26727
26729
26733
26734
26740
26747
26749
26750
26757
26778
26787
26788
26794
26795
26798
26805
26815
26828
26844
26844
26853
26859
26863
26866
26869
26871
26878
26883
26885
26887
26890
26902
26910
26919
26924
26926
26929
26938
26952
26964
26973
26981
26981
26997
26998
27012
27012
27013
27014
27017
27033
27036
27053
27056
27071
27072
27073
27074
27075
27078
27082
27085
27088
27111
27122
27130
27131
27132
27133
27140
27148
27152
27165
27170
27171
27173
27187
27193
27196
27197
27207
27215
27224
27227
27240
27244
27250
27256
27257
27267
27271
27279
27296
27302
27303
27303
27314
27314
27316
27336
27345
27346
27349
27362
27369
27372
27376
27384
27396
27398
27402
27415
27430
27435
27451
27463
27466
27479
27479
27480
27489
27511
27511
27515
27544
27561
27568
27579
27589
27593
27599
27620
27620
27622
27623
27624
27631
27636
27638
27652
27656
27657
27671
27690
27692
27695
27709
27710
27711
27718
27739
27740
27742
27758
27774
27782
27787
27802
27803
27810
27819
27819
27820
27826
27829
27831
27832
27850
27854
27862
27863
27869
27869
27869
27869
27881
27887
27888
27893
27906
27911
27913
27913
27914
27922
27925
27938
27944
27950
27968
27976
27978
27986
27990
27995
28017
28017
28025
28027
28049
28057
28070
28085
28086
28092
28095
28101
28104
28105
28111
28125
28127
28138
28139
28152
28154
28154
28160
28171
28176
28178
28181
28187
28189
28189
28194
28198
28217
28231
28246
28252
28269
28273
28284
28287
28292
28293
28297
28308
28315
28318
28326
28339
28344
28349
28351
28355
28374
28389
28400
28407
28425
28428
28433
28444
28451
28455
28479
28485
28504
28507
28507
28511
28511
28536
28545
28558
28559
28564
28568
28589
28598
28601
28622
28625
28632
28646
28647
28674
28682
28687
28688
28698
28705
28710
28716
28725
28732
28734
28753
28756
28759
28761
28767
28775
28778
28779
28790
28804
28805
28807
28810
28822
28824
28827
28835
28837
28840
28843
28845
28868
28880
28886
28899
28915
28917
28917
28918
28924
28927
28933
28944
28950
28951
28959
28961
28977
28977
28993
29007
29010
29018
29020
29022
29028
29031
29045
29062
29069
29070
29076
29082
29092
29104
29107
29112
29138
29146
29146
29155
29163
29164
29173
29212
29213
29221
29225
29229
29232
29232
29232
29243
29245
29247
29266
29278
29285
29287
29290
29293
29296
29302
29302
29302
29306
29308
29311
29314
29319
29320
29321
29342
29343
29348
29357
29363
29366
29371
29378
29442
29451
29454
29473
29480
29482
29485
29488
29497
29514
29523
29528
29532
29535
29536
29540
29559
29562
29572
29576
29590
29597
29599
29605
29621
29636
29641
29655
29660
29668
29670
29694
29696
29697
29698
29701
29707
29728
29734
29734
29739
29746
29748
29767
29774
29789
29808
29810
29811
29816
29817
29830
29835
29836
29848
29871
29872
29873
29908
29911
29911
29913
29922
29943
29948
29966
29976
29994
29996
30002
30005
30010
30020
30026
30031
30042
30052
30058
30059
30063
30067
30078
30085
30099
30110
30112
30113
30127
30138
30138
30146
30147
30149
30152
30153
30158
30160
30170
30173
30180
30180
30194
30211
30231
30234
30238
30239
30241
30242
30243
30251
30252
30254
30255
30263
30265
30280
30301
30320
30321
30335
30343
30345
30346
30347
30355
30366
30384
30394
30397
30398
30402
30402
30408
30417
30429
30434
30439
30447
30450
30457
30458
30470
30484
30485
30486
30495
30515
30516
30524
30524
30529
30530
30531
30531
30535
30536
30538
30539
30550
30553
30554
30569
30569
30571
30574
30606
30619
30630
30642
30643
30646
30648
30667
30670
30673
30680
30688
30704
30705
30710
30717
30719
30722
30729
30742
30743
30751
30756
30759
30774
30774
30775
30775
30780
30783
30792
30792
30800
30811
30818
30821
30822
30829
30829
30834
30844
30847
30852
30853
30860
30873
30876
30877
30904
30904
30911
30912
30913
30920
30946
30967
30968
30975
30980
30993
30994
30997
31004
31004
31014
31043
31049
31055
31059
31077
31082
31083
31089
31103
31122
31123
31131
31133
31136
31141
31143
31145
31149
31153
31158
31160
31163
31168
31179
31180
31189
31206
31223
31226
31227
31231
31233
31234
31240
31257
31259
31261
31279
31284
31290
31293
31300
31312
31317
31326
31327
31330
31338
31344
31364
31364
31378
31378
31382
31390
31408
31409
31416
31417
31420
31424
31424
31433
31445
31447
31448
31452
31453
31453
31458
31473
31476
31478
31488
31492
31498
31499
31503
31524
31527
31536
31540
31548
31550
31550
31560
31577
31579
31580
31581
31586
31601
31611
31618
31622
31638
31642
31643
31644
31649
31653
31654
31670
31678
31684
31685
31689
31690
31696
31706
31725
31732
31739
31748
31763
31779
31796
31798
31800
31802
31802
31831
31843
31846
31861
31881
31882
31888
31890
31896
31897
31899
31900
31907
31917
31918
31930
31938
31942
31947
31949
31953
31963
31964
31965
31969
31970
31984
31993
31993
31994
31999
32001
32012
32015
32019
32021
32027
32034
32061
32063
32064
32070
32073
32075
32080
32080
32081
32091
32091
32095
32096
32098
32113
32118
32120
32125
32131
32141
32147
32148
32151
32155
32156
32161
32162
32164
32169
32171
32174
32180
32184
32191
32193
32198
32198
32220
32226
32232
32247
32263
32263
32267
32279
32285
32292
32293
32295
32304
32306
32310
32311
32321
32322
32325
32327
32349
32350
32354
32358
32362
32363
32368
32376
32382
32384
32406
32416
32423
32428
32429
32436
32437
32455
32461
32463
32463
32466
32467
32481
32495
32501
32506
32508
32513
32515
32517
32536
32538
32541
32546
32550
32553
32555
32560
32565
32573
32577
32580
32584
32586
32589
32591
32594
32602
32605
32606
32619
32620
32623
32623
32649
32658
32664
32664
32667
32671
32681
32688
32703
32711
32712
32714
32714
32715
32716
32717
32719
32721
32726
32730
32741
32753
32772
32789
32790
32792
32815
32818
32821
32825
32831
32837
32859
32866
32869
32874
32891
32892
32897
32913
32916
32920
32921
32938
32955
32970
32971
32972
32984
32993
32997
33002
33006
33010
33017
33020
33021
33030
33039
33044
33047
33053
33056
33057
33071
33089
33089
33095
33096
33122
33148
33156
33157
33160
33164
33172
33174
33176
33180
33181
33186
33187
33189
33190
33194
33205
33212
33215
33215
33246
33261
33296
33304
33309
33312
33312
33313
33326
33331
33331
33348
33354
33360
33361
33389
33390
33393
33411
33413
33431
33435
33441
33443
33444
33460
33468
33477
33485
33489
33496
33498
33504
33506
33510
33511
33511
33515
33517
33521
33525
33539
33545
33546
33579
33583
33590
33592
33593
33593
33594
33594
33596
33624
33641
33647
33678
33682
33690
33695
33706
33712
33713
33718
33718
33733
33737
33737
33737
33742
33752
33776
33780
33801
33824
33825
33845
33847
33851
33861
33861
33866
33869
33880
33882
33927
33928
33938
33940
33943
33955
33956
33962
33963
33963
33970
33971
33976
33979
33980
33982
33984
33990
33995
33997
34009
34012
34012
34018
34043
34053
34056
34056
34061
34080
34111
34112
34115
34119
34124
34129
34131
34136
34137
34155
34155
34158
34160
34173
34177
34178
34184
34189
34204
34204
34218
34233
34233
34255
34262
34262
34271
34275
34278
34280
34291
34298
34299
34300
34301
34311
34351
34351
34352
34360
34363
34371
34373
34378
34380
34393
34398
34399
34401
34402
34411
34413
34417
34423
34424
34429
34436
34447
34447
34466
34477
34489
34493
34498
34503
34519
34521
34524
34527
34554
34557
34568
34574
34576
34592
34592
34602
34606
34620
34626
34628
34634
34649
34650
34655
34663
34674
34676
34685
34685
34690
34705
34713
34714
34722
34728
34729
34730
34747
34758
34762
34778
34793
34798
34800
34800
34824
34844
34846
34848
34851
34859
34866
34876
34877
34884
34892
34892
34900
34946
34958
34985
34992
34996
35009
35010
35017
35025
35026
35032
35047
35052
35053
35055
35057
35059
35077
35093
35097
35112
35116
35117
35117
35134
35137
35143
35143
35145
35147
35148
35148
35155
35162
35166
35185
35196
35205
35218
35228
35244
35245
35253
35255
35259
35261
35266
35277
35278
35301
35313
35320
35327
35335
35339
35344
35362
35367
35388
35390
35392
35412
35415
35424
35433
35435
35443
35443
35448
35453
35474
35477
35481
35490
35492
35497
35501
35501
35510
35517
35521
35543
35561
35567
35574
35581
35599
35603
35622
35622
35626
35628
35629
35635
35637
35637
35640
35643
35645
35657
35660
35664
35665
35673
35677
35690
35694
35712
35712
35713
35719
35737
35737
35750
35754
35755
35784
35790
35802
35810
35812
35813
35851
35853
35857
35865
35867
35884
35887
35889
35894
35895
35897
35902
35904
35928
35928
35939
35939
35948
35949
35958
35959
35961
35976
35977
35980
35983
35983
35996
36010
36015
36037
36046
36047
36053
36062
36070
36071
36074
36078
36083
36084
36103
36113
36127
36128
36134
36137
36138
36139
36159
36173
36184
36186
36200
36200
36202
36203
36212
36213
36213
36215
36217
36244
36244
36245
36256
36257
36261
36266
36268
36281
36287
36306
36307
36310
36317
36322
36334
36339
36340
36345
36347
36355
36356
36363
36369
36376
36390
36391
36398
36399
36412
36416
36427
36441
36459
36461
36487
36487
36500
36507
36511
36514
36535
36542
36543
36543
36547
36553
36556
36569
36572
36573
36595
36595
36598
36599
36601
36607
36618
36623
36628
36651
36660
36669
36672
36693
36717
36720
36725
36731
36731
36731
36737
36742
36746
36748
36768
36780
36783
36786
36798
36809
36826
36828
36838
36843
36844
36851
36854
36859
36863
36864
36867
36873
36874
36893
36913
36928
36930
36934
36941
36948
36954
36955
36964
36966
36981
36983
36985
37020
37022
37026
37027
37035
37037
37040
37040
37056
37060
37064
37064
37068
37075
37075
37080
37099
37113
37113
37116
37121
37124
37127
37131
37132
37133
37148
37156
37186
37192
37209
37213
37246
37252
37261
37267
37271
37278
37286
37288
37302
37313
37328
37339
37349
37353
37359
37362
37369
37372
37377
37382
37395
37396
37397
37407
37415
37417
37418
37427
37437
37447
37450
37466
37472
37477
37480
37484
37484
37489
37495
37498
37503
37503
37508
37521
37534
37557
37562
37563
37566
37581
37612
37614
37625
37626
37627
37630
37632
37642
37655
37658
37665
37679
37683
37699
37702
37703
37710
37711
37715
37718
37730
37731
37734
37741
37752
37755
37756
37761
37768
37768
37784
37786
37791
37809
37814
37830
37833
37846
37846
37854
37855
37870
37885
37897
37899
37902
37903
37928
37932
37937
37942
37951
37953
37954
37960
37962
37970
37986
37992
38008
38014
38014
38015
38025
38025
38033
38044
38056
38058
38058
38071
38072
38075
38085
38090
38094
38097
38100
38101
38106
38108
38120
38135
38137
38138
38142
38142
38146
38152
38158
38159
38160
38163
38164
38167
38170
38173
38186
38205
38205
38210
38212
38224
38232
38248
38248
38256
38260
38261
38271
38280
38291
38328
38336
38338
38338
38343
38344
38347
38351
38354
38365
38375
38378
38383
38394
38399
38410
38415
38416
38420
38426
38427
38427
38438
38442
38446
38458
38477
38483
38490
38496
38505
38510
38535
38538
38541
38562
38565
38577
38579
38584
38593
38596
38607
38608
38617
38618
38621
38643
38655
38655
38664
38673
38676
38677
38679
38693
38715
38721
38722
38740
38750
38756
38756
38757
38761
38788
38790
38793
38796
38800
38808
38816
38820
38821
38831
38834
38837
38838
38841
38847
38855
38864
38865
38870
38871
38875
38881
38885
38888
38889
38895
38899
38907
38921
38947
38959
38960
38964
38967
38979
38988
38989
38993
39004
39004
39007
39017
39024
39035
39037
39044
39064
39064
39066
39070
39078
39083
39090
39099
39122
39132
39142
39146
39148
39149
39157
39160
39170
39181
39185
39186
39194
39197
39198
39225
39225
39231
39250
39251
39257
39270
39274
39274
39278
39285
39290
39295
39299
39305
39309
39311
39322
39332
39342
39349
39353
39353
39356
39359
39368
39369
39370
39378
39382
39384
39385
39397
39400
39415
39420
39426
39426
39426
39439
39440
39452
39461
39466
39468
39472
39477
39486
39505
39507
39508
39510
39512
39523
39525
39535
39541
39543
39543
39549
39549
39554
39556
39560
39560
39566
39574
39586
39587
39593
39595
39601
39607
39614
39621
39622
39623
39635
39643
39644
39647
39654
39657
39659
39663
39669
39674
39684
39687
39698
39704
39706
39717
39726
39731
39735
39746
39747
39749
39751
39760
39762
39768
39774
39790
39797
39804
39807
39808
39813
39817
39823
39830
39830
39837
39864
39864
39883
39890
39893
39894
39894
39902
39908
39909
39913
39919
39924
39927
39927
39952
39988
40025
40025
40027
40031
40042
40044
40046
40055
40061
40068
40072
40073
40074
40075
40077
40083
40092
40094
40098
40104
40108
40117
40119
40123
40127
40127
40128
40141
40143
40146
40148
40161
40163
40170
40173
40178
40193
40195
40203
40210
40211
40219
40235
40243
40245
40253
40258
40261
40263
40273
40278
40278
40302
40306
40310
40311
40314
40316
40323
40326
40326
40328
40334
40347
40354
40357
40367
40368
40371
40386
40397
40402
40434
40437
40440
40450
40450
40463
40480
40495
40502
40508
40513
40520
40523
40534
40537
40547
40555
40557
40558
40560
40567
40574
40590
40590
40597
40598
40604
40604
40605
40606
40608
40616
40621
40626
40631
40636
40642
40649
40661
40666
40667
40676
40681
40687
40691
40699
40718
40722
40728
40732
40741
40774
40784
40789
40793
40803
40812
40844
40870
40875
40889
40890
40904
40905
40909
40910
40924
40930
40937
40939
40942
40952
40954
40960
40974
40980
40989
41003
41005
41006
41014
41018
41023
41042
41042
41074
41077
41124
41128
41139
41143
41151
41153
41159
41165
41172
41174
41202
41202
41205
41214
41215
41219
41228
41234
41240
41242
41246
41247
41248
41258
41261
41263
41263
41267
41271
41272
41279
41283
41290
41296
41300
41300
41314
41315
41330
41342
41342
41342
41352
41353
41353
41355
41357
41380
41391
41394
41396
41398
41427
41438
41440
41449
41451
41457
41473
41474
41475
41480
41484
41487
41495
41502
41504
41507
41510
41516
41518
41518
41521
41522
41526
41534
41542
41542
41545
41556
41563
41579
41585
41599
41600
41605
41608
41614
41628
41634
41640
41642
41644
41646
41646
41649
41657
41658
41663
41671
41675
41677
41680
41684
41691
41698
41700
41700
41708
41715
41721
41721
41736
41736
41748
41749
41755
41762
41763
41763
41784
41788
41790
41792
41797
41801
41802
41805
41816
41817
41817
41823
41827
41832
41834
41835
41836
41842
41854
41859
41860
41877
41878
41882
41925
41928
41950
41953
41955
41970
41978
41994
41994
42011
42015
42026
42028
42028
42044
42049
42071
42073
42085
42095
42097
42114
42118
42123
42128
42140
42149
42150
42157
42162
42166
42170
42193
42216
42234
42236
42258
42260
42269
42270
42270
42278
42280
42282
42293
42294
42302
42307
42314
42320
42322
42332
42337
42346
42349
42352
42353
42354
42357
42374
42388
42390
42394
42407
42410
42412
42425
42426
42427
42428
42428
42432
42434
42435
42455
42458
42458
42464
42464
42480
42485
42488
42492
42506
42508
42512
42518
42520
42536
42537
42541
42546
42557
42564
42568
42569
42576
42577
42582
42591
42611
42628
42629
42631
42639
42639
42642
42678
42679
42682
42694
42699
42700
42701
42703
42716
42727
42733
42733
42737
42737
42739
42742
42748
42749
42751
42757
42764
42765
42768
42774
42777
42788
42791
42791
42793
42796
42801
42809
42816
42823
42835
42858
42858
42880
42887
42891
42900
42910
42913
42918
42941
42942
42951
42952
42958
42969
42969
42987
42999
43001
43016
43021
43024
43027
43030
43031
43036
43046
43046
43049
43065
43071
43075
43101
43102
43111
43112
43116
43121
43122
43122
43122
43128
43137
43139
43146
43158
43160
43184
43189
43190
43213
43217
43218
43223
43223
43224
43226
43231
43234
43235
43237
43237
43249
43251
43252
43257
43259
43262
43264
43271
43280
43287
43290
43297
43306
43309
43311
43314
43329
43336
43339
43342
43344
43354
43370
43378
43380
43381
43384
43387
43387
43390
43394
43403
43406
43409
43413
43415
43421
43424
43436
43436
43437
43441
43446
43449
43449
43450
43451
43459
43469
43488
43501
43507
43516
43522
43535
43537
43540
43542
43542
43543
43547
43554
43555
43560
43564
43572
43575
43576
43581
43591
43601
43605
43606
43613
43617
43630
43653
43655
43659
43667
43668
43677
43677
43681
43682
43689
43694
43703
43708
43710
43712
43719
43724
43728
43728
43729
43730
43735
43739
43741
43742
43749
43752
43757
43758
43765
43768
43774
43777
43779
43798
43802
43804
43810
43816
43817
43829
43847
43851
43852
43860
43869
43874
43876
43880
43898
43906
43908
43913
43916
43917
43919
43932
43933
43934
43947
43955
43965
43967
43970
43972
43973
43989
44001
44001
44005
44011
44013
44017
44020
44025
44042
44043
44045
44047
44048
44055
44059
44082
44085
44086
44108
44110
44111
44130
44133
44133
44134
44137
44140
44146
44154
44156
44161
44164
44167
44180
44201
44204
44208
44211
44227
44259
44259
44274
44274
44282
44290
44292
44309
44310
44315
44332
44342
44352
44365
44369
44374
44381
44382
44385
44390
44398
44404
44413
44418
44431
44443
44445
44450
44452
44456
44466
44469
44473
44488
44490
44514
44516
44545
44547
44560
44561
44563
44580
44580
44584
44596
44606
44612
44615
44623
44625
44628
44650
44652
44653
44661
44664
44666
44666
44668
44676
44682
44689
44690
44703
44711
44737
44748
44749
44761
44762
44764
44767
44775
44775
44790
44794
44798
44802
44818
44820
44830
44831
44832
44864
44870
44872
44875
44878
44882
44883
44885
44894
44901
44906
44906
44919
44926
44947
44956
44961
44963
44966
44967
44986
44995
44995
44997
45008
45018
45020
45021
45022
45023
45025
45028
45031
45034
45041
45071
45071
45072
45074
45081
45092
45097
45110
45111
45122
45136
45154
45174
45175
45179
45200
45202
45203
45204
45209
45213
45217
45217
45221
45223
45228
45239
45242
45244
45258
45260
45267
45273
45279
45300
45301
45308
45324
45336
45340
45340
45352
45354
45354
45356
45365
45366
45368
45368
45374
45385
45388
45389
45404
45418
45419
45433
45438
45438
45438
45442
45455
45457
45461
45464
45465
45465
45468
45470
45473
45478
45483
45484
45517
45517
45541
45547
45565
45567
45582
45583
45595
45597
45625
45628
45629
45651
45653
45661
45664
45666
45682
45689
45712
45712
45713
45715
45724
45727
45728
45729
45733
45737
45753
45758
45760
45768
45769
45774
45775
45779
45790
45823
45825
45829
45834
45841
45854
45857
45863
45872
45887
45887
45889
45904
45909
45918
45920
45929
45935
45945
45947
45950
45961
46009
46013
46020
46022
46029
46035
46049
46052
46052
46056
46067
46069
46069
46071
46075
46080
46086
46087
46094
46109
46113
46119
46122
46124
46125
46129
46132
46135
46144
46145
46150
46150
46151
46162
46162
46174
46178
46188
46209
46213
46218
46220
46225
46232
46237
46241
46253
46258
46265
46269
46278
46282
46287
46291
46306
46307
46308
46326
46334
46335
46340
46345
46346
46355
46364
46367
46376
46382
46391
46400
46406
46407
46412
46414
46421
46427
46435
46438
46443
46447
46459
46471
46471
46484
46489
46493
46502
46510
46515
46516
46523
46535
46537
46543
46543
46547
46551
46555
46557
46572
46574
46574
46578
46587
46593
46598
46602
46607
46613
46628
46636
46639
46668
46675
46681
46688
46693
46697
46699
46705
46722
46732
46736
46739
46748
46765
46770
46773
46782
46815
46833
46834
46835
46838
46838
46848
46877
46881
46887
46888
46891
46894
46898
46899
46901
46907
46912
46926
46930
46932
46933
46934
46937
46937
46941
46945
46986
46995
46996
46999
47001
47010
47013
47013
47018
47022
47041
47051
47061
47076
47080
47083
47086
47094
47095
47099
47100
47110
47113
47117
47123
47124
47132
47136
47141
47145
47147
47166
47167
47170
47180
47183
47203
47206
47215
47221
47224
47230
47232
47244
47245
47248
47251
47251
47254
47282
47284
47293
47303
47312
47320
47329
47333
47354
47357
47358
47359
47360
47366
47372
47384
47389
47408
47415
47418
47421
47430
47434
47434
47441
47478
47483
47492
47512
47516
47522
47526
47531
47551
47553
47553
47557
47558
47559
47564
47565
47565
47571
47578
47583
47592
47616
47618
47632
47637
47644
47644
47645
47648
47653
47676
47698
47705
47706
47711
47717
47728
47738
47739
47745
47759
47761
47762
47768
47772
47772
47784
47792
47801
47806
47811
47818
47819
47826
47828
47831
47853
47863
47870
47874
47880
47889
47889
47890
47890
47894
47902
47904
47911
47917
47919
47925
47931
47935
47959
47978
47982
47988
47990
47994
48006
48011
48027
48027
48040
48041
48066
48067
48076
48079
48088
48097
48098
48098
48100
48107
48119
48147
48182
48187
48198
48213
48216
48223
48223
48238
48239
48257
48259
48269
48273
48275
48276
48280
48292
48299
48302
48306
48307
48312
48320
48322
48323
48326
48330
48331
48332
48336
48340
48346
48348
48355
48398
48400
48413
48414
48416
48421
48429
48438
48447
48453
48453
48461
48466
48469
48469
48478
48481
48482
48486
48489
48498
48500
48509
48519
48522
48526
48531
48531
48545
48550
48560
48570
48571
48571
48579
48581
48591
48593
48607
48610
48613
48613
48614
48622
48622
48628
48630
48639
48652
48655
48660
48674
48675
48675
48676
48690
48700
48711
48717
48718
48728
48729
48745
48746
48751
48757
48760
48761
48762
48764
48772
48784
48784
48790
48791
48829
48837
48837
48838
48844
48845
48847
48853
48855
48859
48859
48864
48872
48882
48885
48890
48911
48920
48928
48928
48942
48950
48958
48965
48972
48974
48976
48980
48983
48988
48989
48990
49002
49025
49027
49032
49061
49063
49064
49071
49084
49090
49092
49093
49109
49112
49113
49121
49123
49136
49136
49139
49141
49146
49156
49177
49182
49184
49200
49214
49218
49220
49221
49224
49230
49235
49246
49254
49280
49294
49297
49298
49302
49306
49309
49311
49311
49316
49354
49361
49361
49367
49372
49375
49381
49391
49400
49411
49414
49420
49443
49448
49449
49463
49496
49499
49505
49511
49511
49524
49534
49540
49559
49560
49580
49587
49605
49605
49606
49611
49617
49622
49649
49653
49658
49658
49659
49668
49668
49672
49677
49678
49679
49682
49683
49688
49697
49699
49724
49738
49745
49750
49767
49769
49775
49778
49779
49792
49807
49809
49810
49827
49827
49845
49845
49851
49855
49863
49865
49868
49869
49892
49893
49895
49903
49926
49926
49940
49975
49977
49985
49987
49988
49993
49994
50000
50012
50016
50038
50040
50040
50045
50053
50053
50054
50073
50078
50086
50087
50092
50095
50096
50099
50106
50116
50120
50120
50127
50149
50155
50155
50164
50166
50168
50171
50200
50213
50215
50218
50227
50239
50243
50248
50250
50252
50275
50283
50284
50295
50300
50303
50303
50303
50308
50309
50311
50320
50323
50337
50366
50370
50373
50383
50385
50388
50392
50399
50405
50408
50410
50438
50440
50456
50459
50460
50477
50481
50497
50503
50515
50534
50534
50545
50546
50546
50548
50553
50557
50564
50568
50568
50577
50587
50592
50626
50631
50652
50655
50655
50656
50659
50659
50661
50662
50663
50674
50678
50679
50685
50693
50695
50700
50708
50718
50730
50743
50751
50757
50757
50761
50761
50762
50768
50774
50785
50804
50814
50816
50832
50846
50847
50858
50865
50867
50867
50879
50881
50883
50890
50891
50898
50919
50927
50939
50940
50941
50947
50952
50952
50965
50975
50979
50985
50999
51000
51026
51045
51051
51054
51070
51071
51073
51081
51085
51122
51128
51134
51137
51151
51170
51172
51178
51183
51184
51190
51191
51191
51201
51203
51207
51208
51210
51221
51232
51237
51238
51241
51242
51244
51250
51250
51251
51256
51267
51275
51275
51293
51295
51299
51314
51315
51324
51326
51335
51340
51341
51342
51356
51365
51378
51380
51383
51397
51408
51408
51412
51419
51428
51432
51435
51436
51437
51440
51442
51466
51487
51490
51503
51505
51507
51508
51512
51516
51516
51516
51536
51569
51575
51575
51575
51582
51593
51602
51633
51634
51642
51643
51646
51647
51656
51665
51666
51668
51680
51688
51693
51698
51699
51699
51710
51715
51720
51727
51729
51742
51753
51755
51762
51775
51776
51779
51790
51796
51804
51817
51832
51848
51851
51855
51868
51878
51884
51886
51894
51895
51898
51907
51919
51926
51947
51960
51964
51972
51972
51982
51983
51983
51984
51989
51998
52013
52017
52019
52025
52025
52027
52038
52039
52039
52040
52048
52057
52069
52077
52092
52093
52099
52100
52110
52115
52117
52135
52137
52139
52151
52163
52174
52177
52186
52192
52200
52202
52202
52209
52217
52221
52225
52232
52237
52239
52243
52253
52266
52269
52271
52272
52282
52285
52297
52313
52330
52332
52337
52339
52340
52343
52343
52352
52357
52370
52372
52374
52380
52393
52393
52394
52394
52394
52398
52410
52412
52415
52425
52432
52433
52434
52448
52461
52466
52471
52476
52479
52496
52497
52523
52528
52528
52532
52544
52548
52561
52565
52571
52582
52601
52613
52616
52621
52621
52622
52626
52628
52638
52642
52658
52659
52659
52662
52671
52672
52685
52701
52705
52711
52713
52713
52715
52721
52725
52732
52743
52753
52754
52757
52759
52771
52773
52773
52775
52781
52787
52796
52806
52809
52811
52815
52827
52834
52847
52852
52853
52865
52866
52867
52895
52897
52899
52909
52945
52954
52961
52992
53002
53009
53009
53011
53012
53013
53015
53015
53018
53020
53022
53022
53028
53030
53031
53038
53039
53047
53047
53053
53053
53054
53056
53058
53062
53071
53071
53081
53086
53088
53095
53103
53111
53113
53126
53139
53165
53167
53168
53174
53175
53176
53179
53189
53216
53219
53221
53229
53240
53248
53258
53262
53263
53281
53282
53286
53298
53305
53309
53320
53332
53334
53348
53351
53353
53357
53360
53365
53370
53373
53393
53410
53412
53412
53423
53427
53428
53428
53438
53453
53454
53468
53477
53485
53515
53516
53522
53533
53552
53553
53557
53558
53562
53562
53597
53629
53638
53640
53641
53645
53647
53684
53690
53693
53695
53696
53702
53703
53711
53715
53715
53723
53731
53741
53742
53756
53758
53765
53769
53771
53772
53790
53794
53799
53804
53817
53818
53825
53827
53828
53829
53833
53834
53841
53852
53852
53860
53864
53866
53877
53882
53885
53887
53888
53893
53893
53908
53912
53926
53932
53939
53940
53954
53964
53974
53984
53996
54004
54004
54004
54007
54008
54015
54035
54038
54046
54047
54054
54056
54080
54082
54083
54083
54086
54097
54098
54099
54109
54113
54114
54127
54137
54138
54138
54146
54147
54159
54162
54165
54177
54187
54197
54210
54214
54222
54230
54251
54273
54279
54287
54300
54302
54308
54334
54337
54348
54354
54357
54373
54377
54377
54379
54383
54387
54388
54391
54393
54402
54404
54405
54415
54416
54419
54427
54428
54444
54451
54470
54479
54489
54493
54497
54521
54534
54549
54549
54554
54563
54567
54568
54568
54587
54587
54587
54588
54601
54604
54623
54633
54638
54640
54650
54661
54671
54694
54699
54709
54730
54732
54733
54734
54752
54752
54752
54770
54790
54795
54800
54803
54809
54816
54819
54820
54828
54834
54837
54840
54845
54857
54863
54865
54872
54878
54878
54887
54897
54904
54922
54922
54924
54925
54930
54936
54953
54962
54966
54980
54985
54995
54996
54999
55003
55016
55037
55040
55040
55042
55047
55050
55081
55093
55094
55094
55100
55102
55104
55109
55117
55123
55131
55134
55156
55176
55179
55180
55185
55193
55201
55208
55220
55224
55225
55242
55243
55254
55255
55269
55270
55276
55276
55281
55282
55287
55294
55296
55296
55303
55305
55312
55317
55327
55330
55332
55334
55335
55341
55357
55360
55365
55368
55371
55373
55375
55378
55382
55389
55394
55404
55406
55407
55416
55424
55428
55430
55435
55460
55464
55481
55485
55487
55506
55506
55507
55510
55511
55512
55517
55523
55523
55533
55544
55545
55547
55555
55559
55562
55562
55563
55585
55587
55588
55592
55592
55599
55601
55608
55620
55631
55632
55650
55652
55654
55657
55659
55666
55666
55668
55680
55696
55701
55708
55711
55718
55729
55730
55746
55747
55762
55791
55793
55797
55804
55807
55822
55828
55829
55829
55829
55832
55841
55845
55848
55860
55864
55865
55867
55872
55878
55900
55901
55911
55912
55915
55916
55917
55936
55946
55946
55956
55960
55971
55974
55978
56013
56026
56069
56070
56078
56078
56082
56083
56084
56087
56092
56093
56106
56126
56126
56133
56142
56148
56151
56151
56156
56156
56177
56194
56198
56208
56216
56217
56221
56235
56236
56237
56243
56248
56251
56257
56260
56268
56278
56293
56294
56297
56303
56318
56339
56340
56352
56353
56359
56376
56381
56381
56382
56385
56387
56399
56405
56410
56415
56420
56423
56431
56437
56441
56441
56442
56444
56454
56456
56462
56463
56471
56475
56477
56480
56497
56519
56522
56542
56551
56551
56556
56562
56564
56570
56573
56573
56576
56582
56596
56598
56600
56613
56627
56639
56641
56659
56659
56665
56665
56677
56682
56686
56687
56687
56698
56702
56712
56719
56732
56767
56779
56782
56789
56795
56802
56812
56816
56818
56830
56836
56846
56848
56856
56857
56859
56862
56868
56871
56875
56881
56885
56888
56891
56903
56903
56910
56912
56912
56928
56931
56938
56942
56950
56959
56964
56971
56976
56983
57000
57000
57017
57018
57024
57025
57027
57035
57037
57042
57047
57048
57053
57055
57055
57057
57066
57068
57073
57078
57079
57082
57094
57103
57109
57111
57118
57126
57127
57129
57133
57143
57150
57165
57167
57167
57171
57177
57185
57202
57218
57220
57222
57223
57229
57234
57235
57236
57237
57242
57244
57252
57255
57256
57259
57261
57271
57273
57273
57279
57284
57289
57294
57295
57305
57307
57313
57317
57328
57337
57338
57344
57346
57351
57353
57369
57383
57395
57398
57415
57416
57417
57420
57428
57445
57451
57451
57457
57460
57480
57481
57487
57490
57499
57505
57509
57524
57529
57530
57537
57541
57541
57550
57554
57564
57567
57568
57573
57576
57577
57589
57599
57620
57624
57625
57625
57651
57652
57656
57659
57660
57669
57672
57672
57677
57679
57680
57681
57683
57684
57691
57697
57698
57699
57716
57719
57737
57739
57760
57778
57780
57786
57799
57802
57822
57830
57833
57833
57861
57864
57865
57884
57888
57891
57893
57895
57900
57902
57903
57911
57924
57924
57926
57948
57948
57949
57955
57962
57962
57964
57971
57974
57977
57980
57984
57985
57992
57993
57999
57999
58004
58007
58018
58026
58045
58045
58050
58055
58060
58069
58069
58070
58071
58073
58079
58079
58084
58089
58091
58091
58098
58110
58122
58135
58136
58137
58141
58159
58165
58170
58180
58192
58202
58203
58216
58216
58226
58230
58234
58261
58270
58274
58282
58282
58286
58287
58302
58307
58311
58314
58316
58320
58320
58323
58325
58344
58351
58354
58363
58365
58366
58372
58377
58385
58390
58393
58400
58401
58401
58415
58417
58421
58428
58428
58436
58441
58441
58447
58452
58455
58456
58457
58461
58462
58462
58475
58491
58496
58505
58515
58517
58522
58531
58549
58549
58553
58555
58573
58574
58579
58580
58582
58584
58586
58592
58592
58601
58607
58622
58623
58627
58636
58648
58656
58659
58670
58676
58689
58689
58706
58707
58711
58724
58731
58739
58752
58755
58755
58762
58767
58767
58768
58770
58771
58780
58792
58796
58818
58825
58830
58839
58842
58856
58873
58893
58898
58900
58918
58923
58931
58937
58945
58966
58970
58973
58973
58976
58980
58986
58988
59007
59010
59029
59031
59037
59037
59038
59061
59064
59067
59068
59079
59082
59087
59099
59099
59103
59103
59114
59116
59123
59151
59160
59178
59186
59186
59189
59189
59195
59213
59232
59235
59243
59250
59250
59258
59261
59270
59277
59278
59290
59302
59308
59329
59331
59335
59338
59356
59360
59365
59384
59390
59392
59394
59395
59398
59414
59417
59418
59422
59430
59433
59443
59443
59466
59467
59467
59471
59480
59486
59487
59489
59497
59499
59522
59568
59574
59586
59594
59602
59616
59628
59633
59640
59676
59676
59684
59690
59695
59700
59715
59725
59728
59729
59755
59759
59775
59788
59790
59792
59803
59807
59809
59816
59828
59839
59853
59857
59878
59885
59889
59907
59907
59910
59911
59914
59918
59927
59930
59931
59933
59935
59949
59964
59975
59981
59981
59987
59988
59993
59995
59996
59996
60004
60009
60017
60022
60028
60036
60038
60056
60066
60069
60070
60071
60081
60086
60089
60109
60113
60114
60115
60116
60118
60120
60122
60148
60150
60153
60155
60167
60176
60182
60182
60201
60204
60233
60239
60242
60249
60257
60258
60270
60278
60289
60291
60297
60299
60302
60303
60304
60305
60310
60313
60317
60319
60332
60333
60334
60339
60365
60376
60376
60377
60387
60388
60397
60402
60405
60410
60423
60429
60440
60444
60452
60463
60465
60466
60469
60486
60486
60489
60497
60501
60508
60518
60523
60525
60531
60532
60538
60541
60546
60546
60553
60566
60587
60587
60590
60594
60596
60606
60606
60607
60608
60611
60614
60619
60619
60625
60630
60633
60643
60644
60648
60649
60651
60655
60662
60672
60684
60685
60699
60715
60720
60722
60727
60733
60740
60742
60750
60750
60773
60791
60800
60807
60814
60818
60836
60845
60855
60866
60869
60877
60881
60910
60913
60919
60919
60920
60926
60930
60933
60935
60935
60936
60940
60953
60956
60960
60998
61013
61017
61036
61043
61057
61062
61066
61066
61066
61073
61100
61106
61106
61113
61127
61133
61143
61150
61153
61155
61157
61162
61165
61200
61216
61218
61220
61223
61227
61232
61237
61251
61254
61269
61272
61288
61291
61306
61310
61313
61328
61329
61344
61348
61354
61358
61359
61360
61366
61379
61380
61391
61396
61396
61398
61405
61412
61413
61415
61416
61417
61422
61427
61432
61435
61438
61438
61452
61454
61471
61471
61481
61495
61523
61525
61537
61544
61551
61561
61565
61570
61571
61573
61579
61597
61607
61608
61615
61617
61622
61632
61635
61660
61665
61671
61671
61676
61681
61683
61688
61688
61690
61701
61702
61703
61704
61707
61710
61710
61712
61717
61720
61726
61729
61736
61741
61759
61767
61768
61773
61787
61792
61794
61796
61798
61801
61808
61813
61816
61830
61847
61852
61854
61861
61861
61866
61873
61884
61890
61900
61902
61906
61909
61912
61914
61920
61923
61924
61925
61926
61932
61939
61952
61971
61976
61978
61985
61988
62003
62014
62016
62018
62019
62019
62025
62037
62038
62041
62049
62050
62059
62075
62083
62097
62106
62109
62109
62116
62129
62129
62136
62138
62143
62145
62164
62166
62171
62187
62190
62197
62214
62217
62220
62232
62240
62251
62261
62272
62274
62302
62304
62306
62323
62336
62339
62358
62359
62361
62369
62371
62372
62376
62382
62384
62384
62387
62397
62405
62406
62410
62416
62426
62428
62441
62446
62456
62460
62472
62476
62477
62492
62516
62533
62535
62554
62558
62558
62562
62569
62598
62605
62605
62606
62616
62631
62636
62641
62650
62655
62656
62667
62668
62677
62693
62697
62722
62752
62760
62762
62771
62772
62773
62776
62780
62782
62791
62795
62795
62797
62802
62803
62804
62820
62824
62825
62830
62832
62843
62848
62855
62871
62872
62873
62877
62878
62878
62879
62886
62890
62923
62925
62932
62954
62962
62985
62996
62998
62999
63006
63024
63024
63026
63031
63032
63041
63046
63046
63047
63051
63059
63067
63068
63071
63078
63101
63107
63119
63119
63129
63156
63159
63176
63184
63192
63202
63217
63218
63218
63223
63227
63238
63248
63249
63253
63266
63268
63275
63285
63301
63305
63308
63312
63313
63322
63323
63324
63335
63348
63355
63367
63368
63377
63389
63401
63403
63406
63422
63428
63464
63465
63466
63483
63486
63491
63510
63517
63521
63529
63535
63550
63578
63578
63585
63598
63599
63599
63606
63606
63608
63608
63609
63610
63613
63616
63620
63623
63639
63640
63642
63653
63657
63665
63677
63689
63690
63691
63709
63723
63735
63746
63749
63755
63765
63775
63784
63812
63817
63832
63849
63857
63863
63867
63873
63877
63886
63889
63896
63898
63899
63907
63910
63913
63917
63917
63921
63924
63925
63929
63948
63955
63959
63960
63971
63972
63984
63990
63992
63996
64002
64003
64020
64030
64032
64051
64054
64056
64069
64080
64082
64084
64091
64110
64111
64113
64115
64120
64127
64135
64137
64138
64147
64170
64171
64172
64175
64189
64193
64195
64196
64199
64200
64245
64254
64263
64268
64274
64275
64276
64281
64282
64283
64285
64289
64292
64292
64306
64307
64308
64314
64316
64328
64333
64334
64350
64354
64359
64368
64374
64378
64399
64401
64418
64420
64429
64432
64438
64447
64453
64468
64482
64483
64501
64504
64505
64511
64531
64533
64555
64562
64571
64579
64591
64592
64593
64605
64606
64608
64622
64627
64628
64637
64641
64646
64670
64678
64682
64686
64686
64698
64702
64711
64715
64721
64726
64726
64729
64732
64733
64747
64754
64759
64762
64780
64790
64798
64806
64808
64809
64825
64827
64831
64839
64853
64855
64856
64864
64866
64866
64867
64868
64875
64876
64876
64903
64909
64912
64926
64932
64940
64941
64947
64949
64956
64957
64966
64968
64976
64987
64999
65006
65042
65059
65063
65074
65094
65107
65110
65122
65123
65129
65130
65140
65143
65154
65157
65162
65175
65177
65177
65180
65190
65197
65208
65219
65225
65232
65234
65235
65239
65245
65276
65283
65295
65311
65315
65315
65321
65323
65325
65328
65343
65350
65351
65357
65365
65367
65384
65388
65396
65409
65411
65412
65415
65429
65441
65442
65443
65454
65456
65461
65465
65473
65476
65487
65489
65502
65508
65512
65522
65529
