33313
39439
19911
1211
34177
53638
52025
53932
32584
18340
31942
23215
65442
24561
8536
38170
30347
23701
16165
35810
1807
2266
53864
7826
50303
52523
20527
19704
19510
6135
35637
28536
6619
31503
47013
35148
45097
17399
17149
19346
38541
49810
58314
9027
55793
15251
990
15076
383
42073
41749
50761
29173
25751
40104
24081
64200
37626
63335
63403
33539
59422
63677
14748
5482
26532
41449
12418
36511
3362
36427
18152
33002
42742
49511
26662
457
60935
30844
15540
54047
54137
11521
6045
21385
3115
37353
18323
22019
42162
36798
6232
13186
7667
44580
21767
34136
28835
41357
30078
13889
7463
14043
27133
52039
61306
54834
32501
43774
9328
10122
24361
17599
25350
10536
41473
44995
11257
12887
45174
15934
14826
43021
16303
62050
64726
64605
23246
6235
5285
45092
39927
54837
59790
251
65461
38584
51762
51232
46543
39768
57955
25196
49084
36416
9167
59308
33690
9195
30780
41928
62535
64956
15324
60913
43535
32113
3194
26274
65122
40055
41215
55050
53818
61710
39623
39486
48400
28927
36928
20110
25806
43655
54568
3320
53834
52961
8111
62843
36543
18310
25833
18068
3439
16304
54671
33718
19544
21399
20314
3765
58706
19357
18032
35904
2164
8367
30026
23240
23232
49141
33444
59759
9993
64110
232
10567
12922
40567
9300
29232
43779
56719
18368
56078
45484
32515
24239
14157
50652
55507
56613
23997
5931
41521
17201
59398
57652
64138
51720
39864
16484
27170
55797
64733
35244
49540
23175
58234
30280
24204
17071
53693
44653
61660
2312
32015
22301
56573
6345
196
28589
39717
48239
59975
53334
34848
57926
52476
7488
48980
43765
18587
52827
61157
52806
62302
44661
34278
12768
33962
64864
30152
42987
46382
47333
29908
7373
42278
16720
26024
16668
9422
13283
36693
34311
45729
794
60727
21904
33393
47559
38993
47863
2335
50655
22285
63486
26035
27131
14536
17136
49672
29221
11238
34892
57127
32354
64762
57289
38142
57699
9954
37186
40195
43898
13707
56260
25091
62825
24174
17927
6963
45122
53047
43024
57420
20574
3781
356
12332
6563
8897
18882
16725
51210
3975
14358
52393
13608
3559
47565
62650
50410
37833
1471
17701
47360
22168
42569
19269
48076
57317
56026
23628
4463
34996
42114
62877
49851
21862
12447
57697
42564
36672
50679
8985
13870
48660
61162
11615
5818
24393
42796
59029
43606
43735
22336
35976
39593
17683
2350
34634
16476
787
42700
55317
20378
3238
50155
1354
38158
2203
23958
14396
27053
42193
40046
40604
4141
57530
45565
36046
29734
32455
61976
45244
8924
8207
8615
58580
13485
52757
29022
64747
45260
63929
8518
52337
49123
21725
24315
51275
31897
14717
7259
13887
51172
33956
13451
5465
62606
50557
25481
57567
24063
50564
42765
8366
13770
57256
14235
39566
56818
23857
36854
44274
26750
46355
35802
36843
30434
17133
60109
51693
49311
34360
54470
20126
7039
22394
30113
52867
46414
1242
29697
16611
20789
11073
62752
38160
28070
9489
35196
36213
50012
16682
7803
23886
7960
61481
3502
41671
48837
15366
44737
12644
36103
62668
3351
62384
42639
24021
1490
55523
1104
53866
23194
43336
9988
62371
31930
27515
30242
14289
54549
53629
17450
39311
16990
45365
6030
6909
51238
37437
49560
10224
52496
1560
215
51742
31964
32285
43860
20538
10829
26099
53485
24795
19481
36934
54008
32091
36595
37349
44332
62795
61622
20352
31240
21581
12071
17777
9560
61354
61313
17192
31004
54922
35253
43847
52330
13188
38427
19954
5155
21441
31168
4206
35665
60153
4789
793
23168
10189
12536
15110
23403
13617
50166
10531
43908
54300
28086
14783
13802
39257
17819
21464
5199
57220
23556
3803
8267
42097
35812
39342
7410
53974
58601
41258
62998
4162
42910
48652
39420
62886
33156
14969
27336
24618
49443
1203
17785
19753
27869
2229
50038
25113
23886
15569
21034
1710
55585
35961
29698
3214
4240
24687
17607
6385
30704
15204
49617
6242
7947
26301
25435
6729
23324
49940
47644
36838
42390
32151
11671
48700
6774
13680
15604
45374
30138
30775
56712
23218
41542
62143
32034
27881
36514
31364
26234
54845
18674
17426
35017
58549
42536
27925
18954
46129
43342
8700
19
10249
2
21825
47935
20940
40334
54795
46086
30673
33443
57984
7022
33096
3346
14592
12711
51666
57719
35277
59037
8885
18065
44563
53258
33861
9915
14563
8186
52239
59079
42639
7759
8524
51516
13491
27073
58839
13000
35218
39601
25906
26379
55559
5921
31527
64608
4362
60405
9540
46555
46736
17804
610
33979
61216
61873
52100
56891
11739
16303
41691
30020
39747
2091
64137
11846
5237
16641
6229
21463
53360
59103
51699
46334
4088
5912
15044
11324
62677
11208
14296
60722
16203
10445
42432
41878
56888
60303
17127
55254
37192
50867
14081
57294
41736
12064
51428
58045
46887
28961
45834
50295
1076
30042
42320
43380
11477
39510
49611
36322
14795
56442
1635
34399
14819
31748
6482
42631
5288
32790
14141
4216
22245
55747
9858
28292
55936
17865
54887
19924
51508
53684
64175
24303
3999
45457
5982
60699
21645
45301
18499
55332
59828
20954
12240
57018
6080
18926
31473
32148
24993
58344
18860
25051
39556
8376
49372
45465
15202
10827
11033
27345
23544
9925
61768
45438
37099
45727
52866
54015
62441
64932
9352
50054
29020
42280
13664
12815
19875
60071
1547
46999
58366
38988
30873
27415
62472
17589
7512
23700
45857
60376
14613
42294
64401
13523
55650
48413
46400
10571
55389
56639
50399
32096
17650
15938
20447
10591
14606
21385
28568
35481
30553
53715
27197
32382
27489
5960
5684
45478
28407
43989
6769
61985
46367
12637
17523
61380
51919
52115
31499
10396
5986
39635
55506
65295
7763
9064
8444
6690
45595
62873
3985
46688
28807
32837
35996
24918
50497
36966
62492
30002
48466
61360
33706
6561
3685
2541
14877
45071
16958
14400
15963
41600
52945
65512
22123
15436
61978
38014
63917
12482
375
22582
6565
30722
1281
37665
26008
58770
60444
17530
47051
61544
54587
30211
53756
52425
14183
3831
39543
57445
36071
28154
606
36345
43749
57490
14378
49559
50300
49580
43394
64501
20206
685
28545
50164
12217
2288
26871
18343
35228
37521
32198
14417
48717
25020
42678
48098
17206
45517
20613
64420
20155
35245
50456
62003
39037
41882
11734
14978
922
43046
2642
41950
26049
12997
38899
47430
56687
46833
25604
45354
39132
22210
10533
36543
2353
60289
20248
5349
19823
7341
8672
3424
39468
41644
21602
55282
3285
3929
38841
58918
9646
65357
23655
56454
19323
65315
43682
15307
42412
51299
47366
51634
55523
34351
1907
62041
16740
57977
50092
6516
5141
41202
25681
38676
3067
50757
3846
51643
3056
50985
34650
39378
50320
61551
12068
24761
6799
9478
26964
8366
18262
51507
5181
5241
9618
22594
15952
32719
42518
56659
17867
3782
56151
48453
41495
22762
26729
55360
40108
20939
61847
60532
8352
54922
53113
62016
16033
12334
14179
7882
4449
47565
11416
51755
46543
25429
3386
30667
64003
59277
31326
36867
14761
43309
31293
1757
30265
59186
11525
46912
53030
65276
24691
2775
11439
7160
4549
9073
23915
32064
26805
46898
20618
19404
24352
16214
36363
5659
30052
26787
45111
16954
3156
54999
60270
17707
6678
34958
52626
50149
47553
48330
63275
23016
28160
44682
36964
60607
15196
6719
30783
19958
34876
785
17792
38964
27012
56126
22244
26116
15185
6780
62804
160
12295
22873
32467
22062
56857
56126
41246
58286
9238
43591
46639
9717
42737
6425
42166
54177
53558
52269
4092
10267
42374
43027
9952
3316
38137
58216
11863
20125
18975
36062
39397
19474
48593
11412
65351
23000
61925
1578
40367
26318
58592
3511
22168
51122
17121
10478
38565
48762
51593
25012
59910
56971
56665
38870
21439
45929
22614
51275
12236
6848
44292
4514
17390
21108
7348
34705
31689
14697
41355
52357
12357
11709
56938
25897
17893
6710
48482
468
28698
55416
55960
45324
57055
5024
19077
48570
6215
9922
17558
37581
4726
43469
39004
1427
60836
57864
58320
9622
43065
12892
41953
47874
60933
59839
22229
45947
27384
56278
13261
31581
29232
43630
39890
16945
7464
6379
63068
55100
842
17557
21489
18495
29366
55464
65197
17848
12115
25544
52461
52285
7581
32180
42434
32815
26853
36985
28308
12095
25365
7736
12478
45547
40273
33435
61113
21103
52847
59633
53071
51878
59007
26292
7120
64283
47095
55946
42999
14796
1752
10806
3863
24532
63642
10670
36607
12036
26119
33194
29830
6086
45074
56881
51575
13706
28507
30997
44043
39659
2332
32164
64504
6818
58898
18392
64641
18082
50127
57236
10657
33504
45863
22434
46681
29314
8545
1925
4844
61066
36844
50283
32325
12493
16262
23327
3274
14863
4642
48079
30063
46122
27774
16397
12172
46113
33506
36748
36281
16813
14167
1636
3956
46937
58522
21297
35453
60486
26938
13267
51989
12778
35047
19258
43708
28351
61671
42346
822
51698
6553
63610
6751
62985
10418
6974
9189
12758
53885
18564
16762
7010
41139
16600
48067
2180
53058
20800
40537
30398
17546
41817
47303
58421
10711
14025
18866
64111
36317
9575
14596
12091
6176
6620
50215
41315
65154
46132
34877
11196
50662
42793
39749
2069
17044
11977
37132
39674
24015
49679
12341
33880
47110
18706
52561
41240
56551
66
51729
19001
3251
1716
11229
3838
2623
57047
35412
3504
22003
14422
44385
24957
37060
5385
14498
20254
35894
49658
57082
22806
55956
1436
27215
58363
21462
40741
4072
8653
34714
7822
32508
54113
61671
18222
46484
34262
4274
25153
30173
15793
41396
11749
12035
45340
33510
41165
44547
27398
50816
2855
43677
45438
30470
11629
51241
24130
51886
60740
7565
33955
28105
23173
24323
33521
13645
57672
43446
61127
16863
57279
30343
56702
22104
43441
35474
48519
13061
62214
31969
48238
39181
22293
8273
60313
27589
18284
8305
28111
3835
21647
10210
37075
47010
36913
45712
22095
54840
7580
47418
14039
1872
62416
9589
30320
51251
27787
32866
5444
17443
39070
39274
55180
30439
60594
45258
44676
59964
23455
58455
38256
3665
4517
39614
8148
50762
13626
61537
57576
60750
20597
32293
54733
29774
2674
53852
6505
947
24155
23668
9970
59467
17270
14492
55435
51440
18670
13555
62109
50250
30860
25750
64292
45008
22156
39505
7641
10242
32831
60036
20708
7828
53412
61165
49499
26887
55510
22255
4800
20232
27869
1705
48526
10838
13721
36047
14155
64127
6249
57679
5181
11368
21382
40520
14619
52638
32916
57599
37854
19254
36573
21969
40127
2921
17224
52621
38607
20780
43306
17312
47522
19711
33737
22745
13418
21145
53309
5229
48890
33593
5753
64940
16775
18881
49071
54734
24618
1231
1033
55428
50685
35521
15078
8388
56871
27950
37450
11596
56420
57103
40636
17281
56570
42733
31725
49699
51753
40450
22127
245
65409
24005
39704
40243
13064
5832
37503
43488
64976
19088
30912
47890
65143
4846
62187
24170
27244
1809
41736
14752
48571
46834
28564
58752
36257
408
8379
68
7644
60644
15367
16281
22557
24660
33304
28504
56340
20793
5779
46510
30146
21212
28682
49381
31476
9571
19077
53715
12237
43271
64054
28805
28511
17878
5616
8155
57999
12785
56339
41526
21864
47618
61726
63948
54752
14694
11321
25002
43752
34423
16569
48027
62641
37855
32717
2340
53281
38090
42748
19221
25650
37116
28017
9281
20307
34080
18492
63898
55334
34398
28725
38232
17518
37271
707
15854
36186
53647
32620
28198
17308
15065
65456
3156
30158
14167
18493
45020
10305
9302
6118
190
54138
33824
56303
32772
46838
43540
13647
43297
2680
19546
60501
60518
31649
17469
4088
22653
57948
28944
33596
12095
64808
35148
9221
31586
41279
45018
27071
14609
45223
17154
8846
64968
57167
61890
13386
61062
8420
34557
50388
3244
49975
43280
22743
53088
45829
18071
2784
51208
728
35510
34218
22024
27593
47061
22559
12296
31382
19397
42900
6494
19065
4274
16161
63217
41877
46178
64702
50252
42788
40203
24604
47806
33215
5135
42541
11720
40347
25198
31732
51326
23867
10636
7489
5725
7745
9508
13812
42260
29836
36981
62667
60685
28558
19976
39146
25817
61413
21892
11070
51796
32416
38617
6946
42485
27832
8717
40173
19258
51071
64147
26374
35320
3528
30538
45920
32021
54373
49414
24643
2303
15418
58192
56318
45774
48864
46613
50975
59395
50303
40235
19633
19460
27911
47772
62925
23195
57066
56782
199
7851
48790
3541
34626
33160
58515
48571
38608
5419
57460
13318
38248
4414
25826
58496
47578
27256
21008
36500
7239
34620
16507
23201
27279
54567
44885
61143
35895
18089
5727
15837
31261
11489
15860
36355
41128
13465
38338
28880
5766
23137
7738
4333
16752
23515
20155
49524
52398
21157
35116
26902
38816
43719
12416
64903
25483
19466
35057
54415
27544
3229
56928
37121
30402
41440
37730
50040
26333
26088
29319
28837
25802
699
16328
49311
58415
36015
25702
34280
60089
49224
52237
35889
949
60302
34730
64328
29290
23412
31179
50373
19102
57884
47645
43237
7197
43913
53002
30539
12304
44818
36266
37627
8712
2155
33296
4450
46421
52372
45473
8504
21424
4429
29247
17585
23464
19708
19106
37902
64876
36459
30821
8819
50477
3425
25159
44580
58553
43451
16544
15690
23800
26373
36084
38260
25371
13574
23193
48275
5219
6474
64759
43421
23619
3619
29696
39472
49977
58202
18789
10634
9892
2323
16369
24426
65321
25015
7446
53028
57053
6875
48119
20853
61701
36244
50248
60022
40031
58825
25997
20050
20263
8983
55131
45179
50846
56698
15658
3466
42394
36306
64853
58400
13421
29810
38888
19337
11868
13726
34401
9288
54872
25883
19556
15744
36244
64399
36863
64171
54451
59480
12306
61073
48509
52715
51642
54863
15346
14081
58731
11725
5375
53828
40631
31447
58055
21529
7598
4626
19098
44133
27976
57624
4311
2576
12592
2093
59250
28790
56257
56471
1614
55746
46225
55872
31536
45202
46151
32350
48331
48322
4485
64698
60148
18415
30535
24125
62832
35117
61796
57048
37731
31149
3250
39574
16324
753
39706
599
61106
40875
45300
3438
53790
16206
4174
58771
7986
61681
2668
13686
30751
7841
18094
16086
63578
55335
40989
46391
44201
22571
32306
47434
35574
43049
24647
53696
60201
30569
38094
34729
7012
21395
33212
22756
15344
32461
400
732
36128
50515
5192
38643
7901
3579
30743
52433
58325
15720
16386
55562
15965
44374
43917
51045
21645
64275
43226
53893
6734
280
42302
22889
32131
22170
11776
18170
64307
42258
38347
18593
43613
52163
4460
57962
27013
15551
11426
52809
58428
17668
54038
1234
40434
16686
57802
56964
1056
49449
13213
57428
18444
46306
24138
8829
36134
822
18772
8898
39035
42354
29245
3146
28326
18542
11437
13022
25591
6804
48760
49653
54709
39549
46628
12466
52380
57284
48990
61861
63202
17142
52781
53852
8573
29069
65074
44615
33866
46022
44369
52410
870
55680
57252
36601
55330
15088
24638
53841
28425
24493
53022
35622
3870
36037
4108
34602
1530
53882
31452
28810
56431
63218
19260
55562
19412
45483
51237
25887
37885
39194
7361
30110
35637
53645
36746
32938
6917
62426
62871
40163
55368
44798
44966
25332
40074
21815
7824
12730
3768
60339
27369
44490
18412
10062
43381
18320
17876
2828
28433
16365
19320
13044
24417
31938
21063
30729
44875
38808
22493
42026
27893
52895
54308
65177
35185
25674
15934
24846
32688
27631
31408
35754
37484
25953
38834
51190
6726
46607
49845
46996
31550
62820
34378
63323
17237
8692
43542
57328
56677
16820
36212
60377
23615
55047
6697
49534
19730
21439
1526
50881
25145
4107
51998
10035
24768
31077
59116
15976
22946
3358
19902
28625
858
7270
50370
60877
53926
64754
46150
24889
16643
18820
3809
3577
50546
46150
46069
35390
5027
55867
63817
37447
21517
44466
53690
31043
56410
28779
41042
41202
1281
45209
25407
5563
33039
49827
1877
21909
435
48478
52117
51947
32080
46119
24159
65411
14494
21779
48845
23224
50545
11704
60546
2889
43287
44282
9017
47761
5543
7346
43218
63960
59232
45366
57902
58973
2190
57118
22218
61854
46258
62306
22047
4803
28252
3024
53348
37064
56931
34009
34131
55599
46894
27742
16749
16899
62406
31409
37630
26682
24494
35737
41788
35143
43409
4660
277
10268
19093
46052
20433
51408
704
27111
6653
32358
30005
30515
61379
26883
42410
60791
19148
39452
17271
31378
43449
52642
24023
46052
63466
18385
37962
65140
21236
34053
34380
42699
24511
41451
43160
24352
63119
27511
2893
52394
35603
60118
61617
207
19840
17821
1131
39643
9474
43689
55971
38354
22799
46282
45389
4316
6341
35928
44560
19261
39830
46722
52209
55040
29746
619
8997
13820
61710
33190
64875
29911
35301
17858
37658
24331
64825
16597
31963
13813
39251
6114
15837
52186
20653
7080
37986
36651
53522
1280
38483
55848
25287
54563
40127
4532
18541
42835
9801
57271
4614
10804
59443
16537
14886
37064
64790
8254
31327
63886
18567
64806
22750
47123
20413
51898
36074
38426
50947
23757
2862
51884
39549
29817
42234
47653
21071
20911
30811
5316
15332
58986
52048
52019
63107
58060
41205
54601
18494
42703
32428
38058
29076
30345
50227
14006
20932
15991
55487
53167
8422
27130
11015
59911
16219
56462
41835
43659
47870
15132
61923
54816
4851
15895
57684
51775
45368
65177
62932
12459
30085
45031
40061
48711
61155
8257
60056
35561
32091
43252
43576
49688
53742
1811
29028
19502
44227
28511
32546
38210
12865
39883
6498
89
51134
41271
54730
35145
36083
10433
38410
460
26580
39384
15959
27148
30529
16627
59290
18602
17289
38415
38120
42508
53357
58491
4472
59715
56573
51178
24716
52135
57499
18805
24355
61438
25318
44259
40495
51267
59360
44901
34493
55242
38097
37080
52548
23834
30775
42028
28152
62387
58135
62339
9998
52754
20443
43555
31888
18307
61852
447
34173
56598
11102
7720
34762
8302
56198
42464
3081
62049
20337
50661
47616
41805
19918
32481
31882
44456
48829
8625
12501
18372
26354
17135
35851
61422
32263
44906
49682
38959
14257
43
8029
20491
15044
37075
25824
57242
8646
24284
52773
11125
9863
39368
12978
63867
19118
8554
50120
26428
7161
42282
46278
55255
28349
35949
40072
13969
17538
18859
31233
13984
45628
17726
64482
63067
6178
7865
39924
51776
1043
22567
60525
34576
64453
44161
46574
44689
54521
22637
5888
44290
39148
13687
5055
41172
53428
1890
31488
50213
34424
39774
46598
27568
9287
38715
8245
12503
8489
50408
60120
63389
14943
51972
53009
39426
15979
11486
13470
17231
4427
1273
8855
36725
2049
182
11337
1765
26952
64511
31284
51242
23270
46287
8285
63877
33389
62456
25397
18572
52202
27140
28339
22288
26203
54279
32384
14907
25301
51817
13902
60114
22949
29343
44906
1336
35959
49496
45404
18297
40939
19203
29488
56156
21085
64637
46407
7121
17875
9390
40386
51688
28085
48489
10293
35928
39893
58818
55185
62848
17742
44059
15239
47762
27314
23136
53353
39170
18287
37703
59931
41353
14612
44926
37711
65508
64505
49136
59981
24765
56950
48498
55094
17907
1496
13496
11085
22954
51926
51412
56297
2457
16091
9269
32541
8368
58311
1184
5002
60440
25570
1638
39525
41684
25764
1533
582
21883
62776
1955
46188
10358
26414
65415
25038
22685
8220
14839
63623
25304
15886
51668
36203
55357
51201
31364
50284
61150
10999
27250
46020
48332
41646
64196
2804
44085
17341
26844
29605
105
55375
45823
54936
59261
20784
31678
53056
9959
27193
50678
5117
29010
4121
42969
57681
63924
51972
1058
2908
48531
37127
125
4025
19184
37213
57171
43111
39790
64170
54479
14376
24598
40980
8492
16168
38490
5049
60960
8147
33164
24130
8700
14189
45541
2664
28231
39044
36287
44365
18844
31317
16226
19542
38416
65454
22524
42270
63889
60299
10834
3410
3657
27173
30524
55407
18880
21593
18521
5677
62336
6979
43817
6258
65063
35719
48469
46838
50568
32267
20795
10740
39586
23663
59486
17009
33441
54790
55878
31540
40310
63464
21282
13983
17793
39466
57395
450
36547
5308
5533
14890
30774
57780
49298
48950
39426
23955
24148
21689
8326
53298
32193
11788
41077
6596
11067
58084
5130
63
50655
7758
27638
24325
11855
29232
58393
39078
11497
19942
13909
29871
51432
16836
25663
35327
43235
13888
26561
41634
54497
26117
24535
26487
34178
38101
58873
40870
4367
64084
53229
14742
26528
58216
61676
5294
18775
60643
49002
35026
12238
19224
31642
22210
58462
13840
62780
10529
31580
56376
169
50116
54402
32118
37113
52393
28827
20531
56387
16960
18529
31453
17165
25987
6814
65502
1800
54604
26131
22579
60546
362
27636
33963
5729
45340
53723
38075
52601
12164
27944
43703
36828
15002
4197
33089
19227
55730
31618
16510
13856
20664
59235
33020
22741
46848
8125
17177
24246
60619
31498
9316
22465
24303
41708
26215
18953
61153
6554
38186
35010
48837
26073
15815
56381
6954
54857
35134
12276
53552
63689
14407
38446
56556
64682
53062
58842
37937
54114
53031
58447
28845
19020
41296
5837
39299
44625
16951
62217
25739
967
52077
52834
5374
28355
63465
38033
53477
7656
59981
9489
13083
9438
65283
52771
58282
19486
38757
60845
14854
48675
18216
21714
20703
37209
6727
47698
27122
45887
199
15464
20560
47136
11507
4138
38336
16891
59067
43712
57261
28710
15526
53365
24089
50459
35032
13855
8953
42749
12339
21008
22572
38677
49792
17884
27303
31478
18420
40784
5204
26866
29243
48838
13024
22355
1869
44259
25016
57417
41330
1090
59792
20081
55094
43906
54925
20998
9890
24364
8587
59690
55601
58226
20635
37755
20310
34411
61914
28318
45273
56836
37786
52711
64350
42629
57893
19979
59933
51183
24504
357
63599
767
48613
54127
63746
17064
14306
59803
42520
48066
12817
25226
38014
46773
9695
41074
57924
61452
57799
50309
41283
57541
4213
20026
11563
61471
14501
20853
11110
578
25621
15107
22195
33583
19344
32971
36139
16470
3982
48942
50865
32920
12240
48989
59987
1421
52092
42488
19982
60167
16280
4448
24910
653
38505
44025
53038
3799
7322
20962
22093
63031
50761
20921
34393
32605
47917
6338
41342
55632
18043
33943
56399
262
10795
11196
15563
19728
41534
49678
45267
61432
41342
38008
56293
63606
21791
21281
3065
1593
18420
26247
57244
39698
29668
34477
57222
60086
65190
4011
12567
10052
34436
16341
39122
47434
22960
49767
54996
46930
23790
14213
28127
55040
38593
41955
3173
64374
4934
13465
12370
24796
12197
54054
56156
58417
41314
33515
35266
45517
46535
21287
20242
41700
37372
49605
27990
40117
13531
18567
35897
17556
36347
19261
10033
61220
9143
47894
8525
64622
2897
9102
62791
60814
45567
8896
8536
27913
44995
487
37068
63324
28840
3202
12303
30946
3149
57042
23149
32191
44443
53053
24104
39894
26469
23661
522
57861
13851
2554
52582
32156
9462
12053
58574
59728
12001
49697
2448
28315
13216
16350
62171
29302
44668
7094
23085
63024
50155
43213
55156
32741
23833
13336
48320
16509
64579
63907
18529
33056
19861
17490
30243
16108
9712
21329
52415
15684
24213
35367
42628
37377
43694
30792
53516
47880
43189
43190
17610
54623
30606
56405
58230
13992
44452
24023
49606
47889
27056
1127
56078
44134
45175
11597
46926
19163
44011
44764
1285
64827
18090
29371
25832
43121
2649
47828
22897
25427
63422
500
5752
37418
55224
24223
53769
1723
25624
29485
20105
63959
4831
61717
57529
41174
40557
47248
43071
12587
41663
55287
2759
58689
21021
17866
20651
46162
14401
33825
49775
6577
41457
60463
13005
14792
28293
48579
38871
42880
12162
34043
59270
11028
23102
2356
13461
16958
44418
22754
36628
63313
46995
59390
2286
6922
51442
17918
45790
1431
45239
58351
42015
55701
43101
63119
55016
57177
21449
49246
18075
11165
63285
24332
54404
11348
53373
16765
61232
32322
53888
61900
24131
15273
47492
18493
4955
61707
5796
25685
41970
7808
3491
24949
23569
3686
20044
63032
46335
44055
30263
33579
62359
9662
12660
10968
31378
57307
24818
37427
62116
16011
6406
28886
62405
51646
21549
54379
30251
3458
33331
39797
9895
24788
24630
37679
40774
4225
44001
64711
955
29660
33017
43036
6803
53240
29163
10746
41748
5363
19410
33995
29655
40560
64292
41642
4754
55269
53939
56596
15711
50200
33044
27372
15811
46427
49136
27187
19431
60150
50087
41261
19471
60919
27914
23428
65489
14215
13807
11485
26061
34524
34728
44961
2287
26136
23919
51419
63749
12665
58582
37113
62771
2953
20378
16983
40119
36268
2302
4636
60489
15525
62059
46941
21781
42777
63775
25972
25909
13703
53427
45021
6902
49297
36441
30394
40597
57255
60800
53984
29559
47389
39197
10835
62166
50774
39295
62019
48346
31622
42582
14858
54752
25484
22378
54995
29767
18260
14262
24119
59775
43436
14830
11740
28674
15030
25956
31189
23704
16826
1364
18949
49027
56910
33713
47558
53086
18434
14959
30994
11322
54980
10708
24985
39160
44020
51790
39621
21087
60009
28601
43758
31999
59568
18778
56848
24681
40687
26261
20866
4006
43601
62636
4614
48198
32874
17769
55424
39687
8794
48859
37131
33624
58441
15315
63899
39894
49254
4348
56084
35077
1624
63046
11160
3606
11712
35902
33360
38875
43223
19304
64193
51710
11542
38056
59878
35712
18209
41658
57537
31881
51895
65235
14031
12767
18750
2910
64432
3446
7717
37040
33976
1125
26017
18775
56885
18219
10873
1077
41507
10608
890
39186
13
27227
38394
18484
22838
54419
27267
44352
20263
26339
10433
31145
57683
9979
13372
11706
51437
17533
44310
20913
52099
13429
38438
9540
24477
1023
17773
21398
43810
6922
51665
48882
61415
20865
15832
53996
61328
55037
50548
64082
41827
29514
11324
30516
23771
11546
57000
6879
47013
5474
15924
48983
42546
45356
851
35052
6879
21763
42492
52448
27782
41219
61988
1741
44612
32310
57055
8674
3375
65365
39461
8150
20519
46835
14126
8667
51256
8241
26973
26284
53804
1064
12037
46899
40098
31739
22797
23676
44802
56859
26506
61396
48607
47100
57346
30569
28868
23084
60773
32623
40844
39332
41263
16665
30980
25022
18373
40463
5516
51184
55729
3466
26414
39512
1942
30147
36487
61471
32649
29007
32169
19012
20196
52721
9839
63913
63910
50481
30429
59676
33546
57481
65232
45779
26716
56243
10609
50768
38106
2222
44047
37903
48216
17276
6171
10375
21596
13007
15507
30149
1396
31458
1651
50952
10162
3805
9656
14039
19157
50883
52616
10543
63896
7842
30904
54082
32664
27362
11517
19398
39807
52332
23367
39654
8133
15517
63024
28977
52544
20028
13667
49895
52177
48416
56862
14213
31993
5952
39064
5352
37791
13105
11231
17310
53012
46574
38837
6242
30550
6527
21640
37951
44001
43729
21227
19628
37897
57037
22897
50168
48675
50695
20186
2103
32818
10551
7390
22629
63521
22130
31643
53641
32667
56812
33845
31420
59755
1208
34592
6656
44790
22953
49926
26844
27820
47080
12995
5202
17033
8480
7284
46537
29363
54732
55666
48965
782
9078
34352
5993
10798
10383
49306
61920
39823
19878
58988
43030
48622
19315
18431
53139
45136
5246
20061
56177
36310
40245
26910
19092
13258
48718
62083
25440
25114
38895
24236
60257
44108
51490
32586
21987
51964
39919
51250
56106
14811
9554
3699
27075
58091
26022
63984
64686
55093
28189
12300
17630
22045
35640
42049
24437
21323
19955
33122
2456
62323
10759
1465
10584
17795
33592
37417
19171
41677
45368
24250
34800
34649
59356
20340
63972
49892
38679
20076
40323
26815
60242
37339
13802
7669
60410
32703
29213
20922
54803
43757
34778
9875
54638
63691
60553
21278
23171
26226
31685
44584
38458
63071
62605
61615
43739
21981
20590
54953
8402
5494
55371
13695
41290
28632
40974
62655
52192
37830
56415
50592
16759
54138
32555
43128
58270
13422
19364
4060
9306
13488
40642
37683
29342
6305
62824
10466
27620
46
42426
45918
30829
27017
22598
17485
21493
59258
35628
52343
59993
62616
34628
23008
36053
25720
34655
38142
32721
58436
29357
13260
4216
63046
63849
14395
48853
43970
49411
57313
16676
46932
46732
9131
63238
17761
5240
18552
57993
47170
51851
18460
37534
19617
56083
63176
46345
4779
47230
60630
39622
27314
26287
16461
56093
27316
25733
33205
51293
12857
57891
8846
53095
17805
23624
52897
38427
18242
26333
42941
23755
45651
59816
34592
48976
46071
9796
7655
42428
8058
26757
13833
34417
2820
16079
4481
56522
32436
35344
25842
23487
50631
4988
56069
2755
32098
14617
45433
37124
14719
2040
41300
43653
7182
58165
61924
60004
4940
63266
30688
47526
46029
59329
53799
49214
30975
52852
20919
3374
17193
27826
41675
39560
10218
28025
31158
48223
32184
24111
47902
48312
38224
47041
17142
48340
62164
52787
20952
41792
21705
38750
7093
64809
59038
37472
29285
22708
40402
12904
16205
23359
37246
14093
9419
27622
64926
2061
45354
34124
52725
40148
22541
29728
21558
57111
12491
33997
25642
41380
5310
23560
8008
44156
5886
13175
49448
52954
31424
48639
61100
72
62197
717
31796
24013
53533
55406
8979
19737
43741
19981
6129
44664
40513
56665
46471
19675
52243
9796
65473
23776
18871
55708
58136
43001
37710
33545
62803
28057
35477
18333
39804
46094
59099
18165
12925
48213
14880
49177
5482
33593
2864
20936
16494
16615
53262
32714
43522
25422
39370
41542
49511
36660
62830
36731
48438
10908
8775
47516
61272
756
41504
41516
21832
43933
64912
38173
42314
46406
62372
40930
59114
23960
39762
46471
37625
4434
21016
38921
47772
63971
17910
45887
38821
24813
5623
61454
40889
63305
4167
57480
33095
15970
25873
22929
10650
27869
57651
24364
43257
36215
22540
14590
35677
59068
36369
2085
2828
17239
43329
41518
32550
32362
37508
33780
51051
11636
6981
116
57094
5407
10159
45582
17741
58970
28095
49230
29442
40558
28917
63355
49316
8141
47711
1532
19099
11427
21117
26509
3893
17
14318
35939
13419
3041
42952
47441
15579
45689
660
38722
36941
3050
61358
35261
27072
19748
53772
23848
34363
50891
55341
9575
42768
312
47001
44431
47354
44445
60278
38085
36569
41605
18702
13530
14661
29536
6786
15090
41755
5007
37566
4354
61391
33312
22265
62240
13131
53695
27624
60940
1738
16115
33498
42951
29070
17344
61971
6045
8508
24097
48614
17768
58070
44390
1636
19168
37761
63640
14678
32437
22772
57000
14622
65042
13679
18352
43543
28647
11665
19193
44140
61570
32671
24866
29922
8469
62554
28622
58739
60017
47145
59497
51855
18324
16583
46515
18511
2587
28950
5416
19431
37846
61310
15711
57822
30646
47251
37288
59099
2715
18756
35865
25308
42727
31831
54377
2127
19881
56627
23628
63510
36954
11665
40676
35433
39731
44596
43667
54162
480
55296
40354
23026
46587
27561
59616
5557
992
60608
26013
28217
51026
982
35492
33861
30643
40094
47254
28753
21060
15789
10736
34160
2641
52093
32423
62879
31163
11040
45889
47372
53908
5936
19405
51340
13624
8806
49235
22923
41790
2734
18740
16776
64947
46376
41608
55511
11963
27435
22095
11377
6420
63529
35939
11044
48545
27302
63249
20462
12475
9056
53827
26778
39952
40666
11389
6587
11677
55804
64359
16510
38885
65367
14902
43916
7348
48928
34413
15194
22481
49505
31
32027
55327
65059
14962
4646
29873
30719
10002
57126
24507
55917
17451
54650
45950
63253
37466
22575
29454
38167
50927
31089
55243
43804
56600
48336
14590
36864
12703
6342
41484
36535
53829
55533
63735
65465
30099
50095
4517
62722
53174
49146
32141
636
7158
1836
33590
39066
43137
16312
57550
38793
46435
60333
20006
57948
4155
28187
9719
59064
47022
58287
27740
55303
17479
12348
56441
22548
53263
9496
6965
36010
47408
30670
61405
12151
7455
50577
15253
46447
51848
6849
49064
45203
29576
60305
44082
13523
4827
14963
20462
7204
9175
8791
11603
42887
27922
33752
4296
13404
56151
53860
16001
53765
53168
49988
3661
43437
22262
51397
45385
644
20290
8572
15132
29266
47531
54878
16052
62129
6149
4906
53393
64999
53165
18476
28951
45455
54222
54197
41994
58170
55978
42757
27479
57398
22525
5912
61348
52271
64562
57620
62382
22368
10077
48622
10038
2749
31611
12063
39274
4277
54800
36390
59914
45081
30417
15397
21331
18666
33431
61939
51868
7654
21617
39198
42918
35635
37784
40044
25662
17332
64189
7453
40027
44767
7595
32495
9309
12510
53015
18096
2914
34685
42353
22666
15926
33525
32859
27346
19602
53332
10679
43728
40219
8877
3701
33641
15776
29018
26231
8701
60402
9601
48885
18268
6550
12149
57237
30059
25382
8311
36742
52528
55865
41391
59186
31696
56382
3099
40326
3062
22239
1277
22142
42764
23050
27718
18226
11322
22314
43852
48088
52865
3965
39560
3382
5801
11533
3538
39927
56092
37020
47801
3304
59499
19053
27165
33189
10889
4374
65429
40480
36930
22342
40025
37328
12107
38383
35690
43802
54230
25490
58623
43572
34884
50045
52013
23905
25542
61665
42157
36213
9828
31965
13568
18394
5135
62782
7339
2893
43547
54393
52565
25858
35784
28918
26508
56816
55631
35501
12132
53047
34568
36572
23301
46668
12000
64831
31206
24590
45418
49865
1371
10370
29835
39508
34859
62760
1295
32997
15425
5962
35155
44883
32897
42140
48674
23669
11988
38442
15775
58627
38420
35629
21830
53912
43967
32174
50626
277
14154
14545
20407
40523
26175
7678
63367
51170
15719
28171
49182
50385
4735
40178
39353
63765
11839
38025
30384
61227
43122
38562
10677
50106
19743
2208
44167
30447
37614
49893
6913
17791
37702
50534
50693
41342
43965
14859
61702
19267
15933
20386
56268
45419
21409
63925
33215
2193
62631
5996
5956
15303
20407
29562
18110
57888
23273
11441
49063
8441
27480
17710
32658
8799
53410
13781
23568
31896
31993
22872
36127
4241
22148
58830
29164
14163
30530
53221
57786
32984
15561
40508
22875
26447
47738
12173
19652
25854
10350
49750
10506
59418
18184
64555
27349
7423
35983
63784
43947
30058
50867
25452
48522
38159
56875
45221
25971
35053
10695
57900
34489
53175
13821
44956
59594
9191
56142
12730
50546
61565
26653
8945
59061
26604
27012
17763
60122
15201
60317
35162
52027
65107
17707
2474
43116
964
31684
23499
3208
47320
34129
7025
54878
20366
14059
53741
44919
50940
31417
42071
170
27078
54004
1514
31223
34137
49827
27711
11975
48280
37362
21610
42913
32012
27656
20709
59988
38538
38761
20004
48872
58573
59602
37415
50804
6086
39830
64868
46109
37632
374
5665
59809
47183
60648
45775
40258
5629
59729
62598
7384
55485
48041
54056
40960
26690
62697
63051
18379
39669
32463
41248
44794
49302
51503
21305
29062
35867
20002
20339
54549
101
43384
5374
57273
25618
42701
47728
21036
57229
29670
4683
34056
54588
34747
34402
14230
41721
48323
12312
4905
64438
19201
35055
29302
37302
55312
40077
46080
58377
40904
21181
36553
7318
6424
12749
16791
27829
9912
45904
45769
28598
30710
35887
18437
44211
33174
59676
16557
23805
35059
18575
50120
6043
57451
54930
8979
21661
3279
22347
39523
34018
34690
29348
37027
4376
40555
58203
63006
62890
597
20365
58045
14365
60387
61861
64686
29734
15681
954
18439
28101
33157
162
2480
48844
35497
50832
57451
22436
21511
20415
64483
43777
30495
44045
26483
21693
29636
33963
13059
61632
49367
492
24903
53454
33057
5020
30531
33851
9352
64468
39587
45022
58441
36720
21576
56903
38788
18071
31448
41475
12596
55668
27430
26187
55822
46162
41522
13336
49375
44342
13778
58676
57505
31644
260
65175
61571
61200
49090
4402
40440
602
55762
3787
12760
54587
61237
64856
55430
5120
28297
24030
64245
33148
19482
34554
16598
44775
9851
21299
57980
19083
29748
61926
28775
45200
61223
14201
22686
60684
61561
12390
9902
65219
24805
60239
29482
64715
27863
14277
43560
15996
24998
55654
32753
31918
5621
59586
2830
13258
64113
31947
53794
6368
44469
35750
56942
8905
50979
60606
4310
40042
2838
41614
19393
6144
50587
1751
61017
14503
52110
2920
58689
531
40789
35501
23402
20681
22089
57057
13162
52759
42942
61579
65443
24060
7041
2107
60155
12424
62923
18972
30822
34111
63078
2600
4740
47284
39359
25341
45228
32869
14975
6784
34663
13208
48690
9407
47982
16860
12989
40909
22808
9852
8123
28756
37369
40890
37734
27257
43370
569
57025
8277
9998
60204
16171
38664
19216
38271
26890
1162
57338
7907
30756
49
62361
29694
38058
62428
50879
61366
61066
37156
29378
37809
56641
15508
63863
25552
35362
32623
17129
30524
57369
7618
19855
42642
44042
20104
61759
46705
32714
40092
47245
62516
49769
64592
31133
3875
64957
7399
61787
41599
40261
18330
19156
4568
16482
56582
61133
47166
56959
20274
49845
46145
14885
2066
65234
38163
6857
26001
57924
60233
25478
13648
40590
50383
24632
11038
15749
5733
17611
65384
17258
38399
50718
51715
55592
51466
29872
44947
19382
23253
35664
14613
36356
4529
21868
15217
3569
33511
19710
30153
2832
10377
28374
27854
32063
59471
7935
47919
58856
50663
33489
40328
59417
2676
49903
63428
10456
58026
22601
51575
17929
8681
29811
59996
26997
60619
6447
9879
8114
63223
55946
41585
40732
10693
21149
2162
21014
47206
29976
29497
21311
41151
16494
4995
39817
35388
59430
60930
42427
5288
61830
33348
42349
23437
39157
15444
1528
34061
35567
376
8387
5623
50939
57185
19552
1755
20582
53817
36159
54147
38351
45682
16776
19507
25083
17096
12591
55901
62878
58656
18387
15859
14987
45213
24265
47592
57068
51137
25719
27088
24438
52479
7829
65412
40718
59031
7831
26399
45154
30571
54820
24386
10610
1081
29045
20571
23068
15973
48292
62097
7491
18399
16586
42269
32591
32789
13924
15134
40357
62460
52671
3659
59949
58973
34521
50751
28104
58073
55305
57109
17281
28273
21495
48429
62220
63917
47329
20591
47478
8082
11336
65311
21751
11363
47557
64334
56475
29966
38071
30239
28899
41628
15729
28189
39813
10166
27171
42568
32061
7771
10535
9300
9424
25830
31231
14950
41854
3882
50757
46578
47889
25619
15303
64876
15035
30231
26869
64135
23675
58307
43234
57509
34985
19225
1563
28049
63832
22350
24603
62855
44111
32892
58767
6755
4285
18762
36217
58316
64091
8587
52628
465
23561
51436
45034
5123
48728
18337
19437
42332
18802
33089
45758
41518
44164
44882
44831
5856
9504
59151
4462
3636
31548
22767
6850
60116
31259
13644
54098
13977
21299
23887
61523
29104
29911
852
23371
28761
8494
26859
46340
46937
60334
3327
19022
32327
10465
1798
58767
36786
62962
47282
4532
51315
27451
19930
20581
4287
27652
12660
57259
24288
22156
54865
49668
122
41832
11645
55294
49649
26353
60614
51335
39385
17696
34798
40604
48855
21765
17847
28287
39090
13726
64199
10679
12318
46888
17541
57568
27014
16296
57660
4614
2513
14725
21726
49391
35977
16744
9726
32226
47637
31706
25100
5397
12223
15069
61704
60365
18484
44561
30574
49863
13821
55517
11345
1320
38967
65123
9576
61884
60866
33390
29451
33511
44830
6746
9118
740
58980
56497
57079
20791
7335
49400
15899
35694
46035
23449
50218
22244
49218
50243
22183
46174
41680
7426
58141
22116
43122
24217
6694
57589
57974
60881
7893
16397
45841
38960
30321
3672
57167
3027
37035
42611
35259
26064
31004
39657
49354
39735
28993
9377
3062
17526
2579
32726
29306
20210
19104
11638
31846
963
47931
19002
6812
46056
45352
21840
9626
14454
30252
2044
15432
27690
58659
26585
54004
19769
44703
37313
65157
12873
9726
47357
51244
44820
25459
43581
43016
34793
4629
3230
7361
12166
31653
11047
6827
59037
20422
29146
398
44516
6924
57625
40728
18307
7031
42085
32792
36618
34892
21029
9113
41247
63218
32198
10164
50700
33261
12788
36200
41649
52200
125
18142
40954
34429
36376
11921
351
19157
7274
29808
60429
28138
19756
42352
63550
21698
43031
46693
54377
57273
20116
36173
2799
4193
42823
43259
60423
58711
21012
50016
19438
54383
20012
42576
7724
53468
86
58796
2138
64030
422
60733
48302
13291
58091
27986
15264
57487
10475
17452
44545
54357
32619
14973
23337
3093
54534
26297
41234
64670
24456
53013
37382
39909
61057
39543
1889
27710
65130
7694
48100
52137
11234
49779
32376
7290
31492
31290
33678
48306
43112
62
22935
56830
57739
11687
19796
25980
38212
27085
56912
39285
19853
41502
7740
61688
54287
33801
4218
22576
41784
18513
13942
64941
31779
24837
47911
52899
21723
27709
46489
9977
40263
50941
30648
508
22110
8515
18061
11894
39290
61573
22788
64571
2335
64276
38044
16443
47890
39083
8103
24094
19798
30876
25871
55659
46551
19462
29523
60310
36307
1939
13670
7240
49745
52039
25147
55179
61043
26221
40278
52773
52705
3639
59443
43102
13648
22609
8661
60066
25055
40502
37489
52232
26276
64069
8354
55512
44154
30180
31601
43564
7311
14127
16472
1308
60818
6483
41014
34674
64721
14654
44013
13275
16574
46209
40302
421
25404
10120
1510
11142
34722
33021
11308
1260
41698
60807
51516
60750
10664
39353
32560
38838
43730
49220
34301
60028
54493
5533
27240
43390
53219
15296
40161
22869
3253
60998
25070
15982
64314
37612
15808
36078
64282
11989
45653
39322
46459
57895
53438
49032
63873
20173
31390
61597
44967
3128
60113
47384
60531
572
482
30554
47512
26034
52040
17767
2478
20678
51536
4699
34012
16527
27671
26136
6908
17268
26288
44450
61291
648
39684
30531
22068
42809
11246
14210
53833
35857
52174
24405
48761
7616
36542
57541
11162
3432
44711
14275
34291
47632
26733
47564
31798
14170
35790
32536
6914
5600
39231
44146
48847
37397
64447
24294
52622
39507
41640
42216
13767
2954
58098
30774
54159
41763
53940
55281
52266
56562
23227
40210
28734
29321
36826
64032
41480
32368
38152
42435
34519
42537
25223
55081
63657
42044
40803
54568
18043
30853
30180
26456
45713
6810
13096
52685
39250
10557
4239
28759
26310
23270
466
25799
44110
46220
3468
33940
35339
29789
53640
58282
45625
21688
32955
16166
63585
62025
30450
56013
18760
36768
35673
44005
39751
43415
27402
52775
1275
37480
52139
23655
64909
60587
51602
59700
40924
10407
4183
27207
58755
31227
21324
50952
13613
6276
8173
37498
60625
53370
22159
6623
25872
60590
19924
18776
28139
32247
65129
61416
45204
56385
407
54444
5496
14596
34204
44894
22451
57017
21260
22755
31560
33733
49221
18202
58555
11661
6433
45728
59467
23159
38881
32001
11526
9325
58505
43575
43224
55481
34255
63955
44180
51408
35581
23288
26082
43973
33331
48958
38831
383
48027
59889
17118
21037
12791
27152
13626
42170
24025
33047
61688
15481
6778
48628
15788
31300
2400
24158
36398
42149
19847
33737
58780
893
58122
16706
13484
56767
56976
46346
13699
55225
4392
16888
52659
33712
60566
35622
33460
54080
15109
23588
38721
21074
44748
8137
2163
10000
4581
25811
9427
55276
29155
36599
43413
48147
27888
15812
19822
4372
42577
10146
32715
48581
42357
12029
37741
52394
61269
16693
24970
19212
7267
58071
22992
42858
33928
2902
63608
41438
51000
55208
61866
37040
53562
4746
61396
32972
48273
410
28269
35490
29641
49061
33594
39595
45388
43972
43516
8508
54962
63812
56251
49724
55547
55544
64354
57218
48784
1016
23902
48746
12348
28778
62996
59489
7294
62376
21004
26683
50303
11008
43768
61720
47124
46269
10003
31907
64966
19686
19697
48560
7583
61329
38135
790
7881
64987
62109
45768
11448
52374
40608
7714
36245
28915
39225
59788
39400
14701
9692
5602
11893
46253
64195
39369
39726
7466
64732
3208
64115
42969
62656
21826
59010
13222
5292
14669
44986
40616
40681
26661
42428
7740
55608
39004
8823
23225
10757
33354
51487
31136
39440
34466
13425
53071
52339
849
682
7737
33737
13647
29943
56686
28485
59189
32263
47415
29816
9000
25412
52225
16916
1511
59082
52025
54897
23691
23699
62274
55193
8483
23179
31800
2868
58159
60633
40793
52471
18426
56463
11158
32921
1571
59725
44381
6253
65522
6621
60651
35424
47094
18559
1
62138
53597
1197
45438
29138
54828
64308
52753
54046
65239
16503
26798
18265
15954
2955
64172
57416
13727
49139
11558
59087
2902
48610
12822
19542
50965
51633
23006
32220
48398
8448
11829
41802
40025
43378
65110
8260
21207
53282
4215
22062
63608
31014
53054
12558
44274
42679
46135
41563
14214
27376
46069
44666
38577
30335
4735
22898
8907
58592
2201
7285
1347
24988
12384
47583
39356
46891
37992
273
43223
50000
40699
18827
793
40952
44775
22125
58607
43724
10616
49809
13464
8311
31917
11776
61607
53103
18229
48421
18088
49807
54210
11566
15367
34844
54165
14345
28176
59885
21196
40326
64316
26609
49668
26156
54214
53702
56551
23177
449
53887
6452
7190
1470
56133
50503
49112
38375
41860
10868
65328
63377
48182
22749
37768
7168
34233
24435
61218
14249
30705
40306
22879
619
12897
23583
27657
12282
3000
43919
3809
17956
27579
43231
5305
38979
14552
52038
62014
48972
64729
11127
854
13269
30031
6040
8829
1121
470
31226
3367
31670
45217
45461
906
41394
27968
44398
22815
14274
30408
2578
61902
38618
31344
55394
25486
48613
63535
13926
7516
26608
12413
4722
45442
1360
20389
46308
31970
35980
50053
7648
46901
38343
4365
61794
50275
10443
17419
52412
13290
49294
46232
42236
20839
41834
6675
56148
44048
19856
40937
11183
55373
16805
21032
40621
37396
46547
354
58401
36737
13135
13077
62272
24933
51250
25143
53305
47244
9841
55864
43710
59640
21047
24427
20886
23642
18220
64281
12143
43251
40143
41721
22280
15811
26187
22187
65180
29107
27810
50919
57698
8801
28092
47705
58755
17301
27739
7458
8971
42011
63101
28027
39902
51191
19350
52672
45872
5673
39663
10318
44870
23272
62605
13860
45308
26123
32606
23233
34112
17006
42150
57985
62129
48486
51221
32120
1005
60662
22330
4205
2363
48326
29225
46907
22825
56237
46945
38205
52909
60486
18823
6518
7821
6880
27869
34189
18767
9982
12444
48414
46502
35443
43387
49025
44628
59331
20731
16236
37768
33970
63723
20837
53248
41124
64591
57353
58475
36983
22492
4787
38261
58586
7692
55791
30484
26981
16251
18715
3807
29473
21534
442
16024
8896
2512
18996
33971
56437
28559
38800
37655
33776
23155
45465
19837
41242
4745
39647
30792
8174
17140
16508
28451
40083
47147
38655
60926
32602
47676
11599
33181
21580
22818
58670
43728
5169
38947
15830
1792
33186
47203
33496
50040
21933
13968
50099
6386
16267
51512
62533
12723
53018
19639
31579
41427
23642
30355
23875
47717
15667
52658
60596
44404
29996
27271
17507
21
57295
22687
47904
36461
32463
18919
41545
765
64306
50053
47117
16716
62038
1059
9248
8620
867
30010
49869
7909
54187
36717
16934
20292
35599
45945
41817
12396
28507
43264
53423
173
31257
18549
30968
55378
21791
3633
31153
54337
32716
59414
51516
61608
55365
58517
16281
8744
41762
33468
6107
16249
13745
14707
36391
12786
43139
11007
21869
37960
35853
30127
54416
60936
60920
2716
47571
36948
26425
10851
31843
5493
47831
27296
20872
64839
59930
2186
45583
18493
34574
44690
43387
21358
19549
21505
24143
56846
58457
6521
31984
35147
19676
46675
29528
10026
26734
1688
16841
62562
21677
31524
17672
60855
57911
54699
26981
16794
29994
52057
55102
61412
59433
2972
42512
60611
63301
20695
8810
46364
32589
57027
35205
6655
12180
40590
40534
25147
61729
44666
32573
57964
60541
50659
14743
50999
5996
164
4809
3933
18776
34946
55832
33990
1930
2958
7751
31890
31059
61912
38756
18924
1854
61344
30067
37942
16011
12734
20375
9856
16478
22964
28824
2485
61909
20363
5513
23434
9332
426
14359
23551
42458
33682
9183
38072
54985
58622
9652
51894
37252
54428
61525
3172
56194
24897
9345
53758
54819
35313
43436
63606
58461
43605
17608
40211
19820
11610
7694
52394
18545
28178
61690
47853
58636
28246
8751
54489
15728
25400
29311
37261
49926
59392
27196
30680
51383
17380
34713
39017
22740
24316
17568
59189
16221
59807
40146
48729
11314
48531
58976
14922
35415
10445
47251
19860
54388
9327
27033
15196
41801
36184
26466
28389
46067
10329
27803
9523
64254
49309
60038
29229
44963
46602
56248
19896
21630
46075
21841
38864
42774
48630
42739
5922
21538
62558
25114
60869
22091
14460
2434
36334
814
32711
1927
4494
29532
10652
29535
25818
14229
7081
16434
58893
12787
49605
19288
57669
26709
50674
18685
61435
23276
23496
25346
31279
48469
29948
1605
16607
11177
55117
27396
14044
54387
19423
9564
54146
55828
10142
10085
38344
55807
23314
44382
35093
34447
31690
3850
16073
6585
24409
56217
43876
23418
47978
39142
32073
27036
8308
51314
44749
38579
48751
53711
16537
7682
63921
46636
51380
54904
54004
54083
37148
44473
62384
13798
17350
48276
59123
13313
46438
31763
64606
50730
52217
22480
20019
52732
27511
22980
38138
51983
32891
11005
47644
25538
52343
24301
57143
4266
13207
35645
53022
21382
43158
43932
55911
3090
34498
43403
42407
56779
35009
62773
14286
49280
8946
31055
47819
28344
55711
19172
36955
53286
19945
17098
29599
27466
53825
8906
42425
21366
53412
34262
1680
41272
58792
5319
46933
11348
60182
20738
39808
10032
27692
15002
2285
61359
44488
45025
44137
58648
63690
4639
26998
49113
11776
47784
6340
56444
14480
30904
40905
43851
52466
20705
60655
32506
48764
63578
51054
22706
30170
49738
64646
33326
38291
346
40368
50785
18453
14450
19421
47648
13290
30911
63653
33869
51356
51324
17310
9680
29092
17421
45597
23941
23281
14339
30138
56480
30967
49463
32406
7950
22277
14924
16333
62358
25758
31103
8178
21993
12261
22946
16511
60397
22322
53011
55588
19743
17504
2707
4111
47141
8269
40598
54427
47180
35097
2017
17832
56352
321
42791
4069
29212
57234
32304
37267
55829
62477
58584
25291
15276
20261
49121
62304
48098
61773
7710
19555
37022
35626
28284
36780
39541
27695
42388
26417
18800
14891
46557
33030
13579
4185
22173
40253
830
54587
16867
22534
30485
11331
38847
19811
1147
58365
33053
2797
48307
63312
48974
59695
26919
57677
63639
52434
14861
27463
9273
43217
13590
58768
43046
61932
18886
57949
13420
60069
63129
23186
39426
4311
33309
32565
52992
4682
21216
42751
35813
23788
60182
32019
52313
40371
29701
60649
21069
31445
44413
56868
35713
38164
300
14324
8695
47293
30160
54809
19195
22097
52713
15774
6484
56087
48772
45470
39225
55587
34846
13564
4763
30913
54770
52853
21665
26054
13564
10301
18410
57524
2208
14180
10912
16096
6979
39382
23398
39415
40311
22795
7920
64798
50534
14955
10619
64429
47818
56795
5356
55270
46986
26058
16841
1263
41823
54099
37037
29913
51983
58456
27479
59684
51151
33006
2942
3345
30536
63026
23653
1911
60606
5948
1183
41042
9379
23604
50073
5978
24999
22851
56542
56477
13837
47792
64263
570
7174
23568
20552
26191
46237
5742
62369
786
58302
44606
6846
58390
23644
15373
457
3632
35448
51569
4676
36623
62145
3253
58452
11776
16366
17643
16168
47745
37932
65529
18454
38378
55974
24881
37928
25024
2312
52701
16691
39305
60523
27224
41263
42858
35443
48550
39149
23261
250
14701
4782
581
4772
46049
26411
26323
42458
5873
8223
49994
38025
18947
8404
29082
15601
62476
31131
54273
36339
26727
57223
5220
50323
64289
28716
38855
40068
53053
8638
61703
35435
62251
18130
17543
27995
35755
30238
23082
13968
63620
31234
3886
56912
43554
55460
7530
41267
149
748
57150
27620
6134
25380
41487
9803
45279
55563
2700
11649
52528
9154
45110
65476
38756
21134
17056
7778
26306
5404
6185
34851
32466
5765
59996
1092
38621
26501
54251
19888
32125
32363
18327
22571
59466
17298
25619
11487
46213
36731
2623
57073
51073
52221
60249
33477
34155
15156
18152
33176
49659
16457
15672
46087
31083
21735
49420
26411
24904
41763
36487
11318
54302
2858
60672
14393
51982
32513
924
19508
9575
3213
13922
33071
1747
53081
63616
33312
58900
15793
46815
4064
9129
41715
11781
51341
507
37407
57554
11493
43075
62954
51435
53216
51699
51832
44309
17430
9268
30234
8919
26885
49587
12646
41153
60081
64378
24216
34299
56732
3464
59935
38100
19412
26351
59907
37699
49658
28917
64855
29597
11995
30255
62878
48745
5158
23245
52743
9526
15870
61712
4536
38015
12937
36669
10683
14921
43880
37278
36200
26926
39607
32095
11878
15884
65006
20895
24610
31330
10222
57737
57415
59160
47221
53954
45468
62795
33984
22106
14257
52497
20255
47959
6820
38248
22516
32681
21236
37642
42322
3206
36261
52811
37718
51647
20416
34351
43542
28977
64866
10146
47224
24529
43677
57577
45071
46125
35392
53189
31143
58428
24172
56659
3978
7615
50898
18454
64120
40667
9250
20435
60953
8041
53015
39837
16001
34371
15256
41018
59522
45715
29572
7935
8779
57760
41510
25008
51804
963
30834
1957
13436
19422
51656
58069
20526
21871
10112
53877
14612
51365
48299
29590
37870
6752
20628
49677
22338
20921
43874
42480
48920
57078
1000
1719
32913
65325
1039
24540
17808
19557
31654
1750
59857
40075
23713
1708
29320
10243
42095
21147
37562
44872
38989
9550
56353
12082
38673
22430
56294
39309
51203
23455
21785
11823
5244
58707
14243
10150
20111
40812
21154
26100
6414
56802
58401
30852
36873
55003
2876
59103
43617
15084
35278
52272
12528
29707
17742
15431
3223
17446
19682
3816
64531
40314
40605
37495
10263
14120
51378
42591
54391
58724
14885
14483
2049
47083
17035
20953
24207
34900
35657
35884
53771
63599
23941
21150
19974
3380
18982
28428
42737
32580
36809
54109
58372
32070
52370
46697
23713
22806
63401
12557
34866
18490
34184
16657
64051
35643
59853
41023
12920
52815
16906
32349
45909
15721
39477
28194
26924
56208
6909
58050
10569
10997
55620
9853
26417
52662
33361
34298
31802
60720
20251
197
3862
13794
33982
27599
1639
6988
32075
40170
63159
21318
30241
17515
13250
9233
65162
58931
6599
12909
22829
55042
26651
16229
41159
18579
17778
50337
32712
55296
487
37846
5045
393
41352
31899
57672
14158
61066
30847
58945
26384
6930
41579
10997
20540
52340
3487
22662
45935
30366
57716
7948
55916
35712
10093
52069
53179
44204
1434
2735
26740
38510
55592
18183
61741
22733
56082
51207
47086
34119
25495
40128
59384
12165
33980
44652
61952
20966
1539
24327
58137
40626
50656
31424
2934
20004
10168
10448
39064
57691
9171
6078
14598
6508
33180
9714
3940
30402
56236
46493
12258
9304
29302
28400
53039
64285
1704
33938
21466
39864
15188
40942
11721
61106
6511
22498
9922
2874
25904
7906
14619
60465
61036
16138
5063
27850
35112
11192
5619
42307
62136
11846
36598
7322
27802
7709
42891
47113
24575
48223
45753
57865
59302
46326
39760
58180
24683
39913
18265
23190
1566
53320
64533
11162
20323
4962
22236
22020
58462
38790
53731
27082
11386
9543
9272
50460
29112
47312
28687
64333
53515
10620
38477
51128
231
20395
55506
53009
55555
23827
60304
49361
6664
5968
63184
31433
41646
35517
29287
19890
20539
20958
43501
36731
50553
48655
26147
44514
18825
14387
50814
58089
35335
1505
32292
42716
60587
12873
14558
15910
28924
46241
23523
10651
37484
43798
35166
38496
52202
5119
359
58966
2203
61683
55176
25036
11351
46934
8907
35958
18469
32730
37557
45724
20456
38205
12215
22649
33517
2549
53428
15257
46516
5483
43339
61767
63992
8863
15452
58079
20699
13585
22311
38535
15225
48187
45242
22655
28017
29293
33411
46765
30458
43122
22448
28181
48988
46593
50659
59918
43290
41398
56983
2820
60935
64867
20667
22313
35117
41143
47232
58323
30800
5442
46699
33187
59338
40316
21361
42816
33010
37814
64593
25993
37970
4996
44017
13715
32171
36783
65225
56221
19996
47421
8259
14316
8888
33647
45217
12238
28843
24212
9202
7664
10995
50708
52713
32321
38146
3995
60070
37954
41859
35255
5366
41816
23392
61792
38365
31953
61635
10703
32970
35660
65396
39644
30829
37359
17279
54924
9887
15849
25316
28959
34527
31949
31577
60332
39024
34115
5088
30457
23646
22198
52621
15376
28767
51680
25163
33413
63192
48591
8025
5347
10614
52613
19445
4314
20397
18861
8746
27978
17158
39185
48911
61398
40278
3387
63755
22600
58549
52796
50086
7390
32821
5345
42791
60466
2431
7181
36859
48011
22163
1580
15185
43459
22958
43311
50366
2258
32429
43262
19093
65343
48107
23873
45041
13913
28125
11706
25119
53553
47553
55900
39554
18296
24467
31802
37715
5273
9769
5919
54334
59995
11957
55657
15141
27938
55860
40691
20604
33594
48040
8630
22500
19427
62558
49109
925
63483
62569
4169
58320
33695
40193
46412
59907
57992
61906
14978
39278
56519
54661
62261
62797
26087
57625
55718
51960
63517
45629
17629
34503
6369
3721
7555
9065
57305
3747
10288
1317
39746
58261
27758
41474
26878
2505
34012
10094
60376
13912
39099
33718
48481
12360
25273
4973
12024
1976
36874
2280
62446
47215
21506
30993
47076
35137
64726
15853
23433
20072
31338
26717
57778
18397
61013
1973
32279
43450
5386
36893
43668
22661
28705
36412
7080
11897
34606
54633
29308
45737
4920
60956
14267
57202
37395
8277
1961
60715
9414
40397
43449
32517
50858
912
34275
42118
62762
3250
20948
56856
64780
45760
20345
30254
50171
17705
9883
1381
2215
39349
56070
65350
16596
28444
1148
59213
44762
57129
14952
60291
24742
61798
61438
15016
31638
62802
26543
63368
10552
549
13333
60497
22496
54086
32553
16752
26749
48500
25545
32162
15325
6556
4330
37133
62018
24570
43344
31082
2898
6263
804
30920
50743
44864
34373
45825
16364
31900
33246
22673
25492
65315
30397
42506
28154
55912
57
43507
44623
5805
44878
56564
16875
47925
65487
26582
55845
62190
49093
8046
48257
33742
64020
37056
36556
45028
42128
42028
44997
27303
43742
51191
47994
15768
63322
5835
48461
57659
19839
45666
52297
10998
22905
23509
48006
32594
9760
2792
16322
14384
18760
9404
62037
9923
30486
37756
25002
13293
33172
30642
12524
59250
24502
26679
23597
4316
41925
16434
13015
61495
46572
24991
22975
28933
643
33927
8066
64002
38889
26079
62106
56359
21536
8984
49092
14691
32155
58923
9588
63227
40649
25277
19938
16368
27862
52151
21128
61736
29739
34447
23505
50405
24544
63996
38740
55123
34758
28732
26325
11974
53964
62232
64274
38108
14251
8023
55382
21818
6092
53562
2882
37477
49200
59394
15029
4631
11881
21016
53126
6320
57024
25832
15205
28822
40123
48676
322
19402
45664
64628
31550
17998
44208
21323
17301
10445
21691
19207
61808
14802
49855
53020
38596
13476
51984
6135
13927
13058
3971
23186
22300
41836
24517
18930
40141
60297
19188
8623
46523
8733
25125
8358
49184
13114
55404
56576
6377
6097
40450
17872
43681
25782
26863
31141
12681
52532
31180
56441
18562
40574
52282
60742
21847
40437
24707
34158
12206
58354
51779
38693
45733
58069
1008
22427
51342
65245
51727
26828
11918
64268
35543
63665
51907
12118
60319
36256
59178
30877
41228
20535
38865
46013
8979
29031
52017
21716
28804
60115
61417
40910
46770
39988
6107
6140
5169
31861
33485
64368
34824
6732
18289
48757
12765
35983
28479
25045
41978
47811
63268
32232
26304
21776
30619
24188
22009
62410
57833
10068
46881
16344
46307
51085
51505
23459
58937
14501
12740
15603
10748
59487
54348
61427
6125
6549
50438
24780
20260
4017
47359
2878
38907
43955
26473
1656
26146
58018
29621
58274
57383
61288
43354
16745
1848
23037
55104
41300
4531
8835
44086
2585
14462
49993
5784
57457
17827
19242
15457
54007
25831
30346
382
34155
54554
20408
56216
35143
52352
6682
41797
17424
13788
1495
1561
51081
47551
496
4458
2904
14079
60258
18660
9452
54035
8780
32080
56456
22778
34300
37286
12050
16294
52659
26788
18395
42270
12364
38820
16493
59243
37026
32993
5303
57656
56903
29848
55652
14073
14013
38338
54354
46009
24965
26458
26794
50440
53351
14025
10918
60176
26476
6815
16817
53893
27819
5267
43406
7207
1182
6746
8408
12107
22187
52253
57351
60452
21338
31122
1512
58110
62772
54640
11438
30818
63348
39908
56381
30717
63041
26795
13462
36202
31049
29278
34800
10662
17463
61251
17849
2233
129
1973
4002
44133
45464
46124
55915
46443
5319
57999
12055
58762
14569
39270
16121
25200
43869
23246
57903
60469
8387
25015
59628
38328
50239
32161
65208
39535
8200
42801
27819
31123
414
5756
8699
9283
47132
10148
59574
49361
40073
46291
21327
12244
36138
22153
41842
4883
3664
41657
27906
53703
44650
32664
42464
47167
19829
20531
42337
3126
18575
62075
59335
47759
37503
61816
11297
23745
25553
57971
13949
2766
38796
1238
4019
8224
46748
26031
33882
4439
42123
43237
966
25508
50890
47990
45854
31312
48928
3395
50311
25572
42958
10511
45961
55841
29540
26213
36507
58579
25728
17230
30301
8705
50568
26671
18151
7340
6611
47706
5148
18688
4812
44130
60910
10874
59927
4389
26929
57830
6564
1735
18741
24621
48269
46265
60919
63857
36851
47018
63598
16516
45023
36070
51575
64678
27074
63406
49683
5004
40606
34271
31994
20584
48791
45336
28688
41005
16681
57833
46218
21183
58531
54966
22580
8339
16800
17793
14310
37563
434
23851
10188
65388
41006
47826
16336
58007
31160
14203
37953
42557
58385
47099
27132
17120
14563
52571
6005
41700
56682
43816
38280
41994
57133
32577
4459
57344
48355
31416
55201
47768
48453
40547
35025
41353
21745
31453
57573
56235
53176
11271
65441
2426
16351
30630
5876
24201
21613
3393
55696
64418
59195
63609
23303
1958
41214
64949
12569
23858
12557
51070
9359
33847
22601
1457
5919
54097
28646
39007
62019
26686
57962
32311
55276
8940
8196
7950
57564
54405
30112
24691
54752
41003
21867
24980
3039
6200
13676
30742
27623
11436
23060
34992
14107
24731
63990
28455
52432
50096
55220
24184
50392
17778
12591
47483
42293
30759
57235
42455
18691
46782
2877
34056
10040
2468
17487
6007
42694
46739
2444
14303
41556
26747
25381
7956
48859
13812
314
3611
43184
8736
22796
60538
46144
55829
2532
19150
55666
50078
64080
6661
16005
17406
346
29146
32081
20673
63248
43829
8886
32147
63613
48097
36137
43146
18337
24164
25035
13783
54083
63059
56687
32538
49
131
20254
48784
38655
45661
35737
5624
43249
1716
62397
13201
27887
36595
27831
29296
2417
46877
9737
24395
24458
58004
63047
18822
58079
34233
64627
47358
56423
48259
57165
14025
29480
8541
4754
22154
55829
2323
43537
45072
44761
51582
57035
54694
15431
37899
9862
49622
48447
16769
23608
36399
49156
2905
4817
43934
34204
37752
60388
57680
49868
61254
62693
35948
63156
55134
26237
1831
17002
40722
13941
11559
10865
21426
26463
53453
64866
59278
32825
63308
2707
6315
47988
50308
34685
25203
49778
61801
65323
11326
27913
62872
61813
3790
18666
9166
49985
45712
44315
2398
49987
53111
50847
63491
55109
56789
23900
20450
42733
32295
57337
9020
34676
47739
579
65094
5236
1608
42682
62999
19000
40661
44832
59365
43424
36340
17654
30194
63709
53557
36113
48348
23340
7941
13348
55545
43314
6279
24818
4166
60508
64056
51295
